4 0.4640625 0.51015625 0.3609375 0.153125
51 0.24453125 0.525 0.1046875 0.1
40 0.203125 0.675 0.1 0.103125
40 0.2609375 0.6703125 0.121875 0.096875
40 0.2609375 0.6203125 0.065625 0.053125
3 0.6 0.6234375 0.05 0.0796875
3 0.56640625 0.63671875 0.0453125 0.103125
3 0.525 0.63671875 0.04375 0.1
30 0.40859375 0.63359375 0.0671875 0.0734375
0 0.3390625 0.8 0.10625 0.109375
0 0.2359375 0.8203125 0.115625 0.10625
42 0.16953125 0.81796875 0.0953125 0.1171875
13 0.528125 0.75859375 0.178125 0.0421875
7 0.4359375 0.93515625 0.171875 0.1296875
34 0.5890625 0.928125 0.10625 0.14375
8 0.28359375 0.93828125 0.1546875 0.1234375