11 0.621875 0.48125 0.10625 0.040625
23 0.44453125 0.5484375 0.153125 0.11875
9 0.5875 0.58046875 0.18125 0.0984375
18 0.7625 0.6015625 0.0828125 0.065625
14 0.434375 0.60390625 0.278125 0.103125
6 0.68671875 0.62109375 0.1453125 0.053125
34 0.7484375 0.83515625 0.109375 0.1515625
34 0.796875 0.86484375 0.103125 0.171875
48 0.34296875 0.88828125 0.1796875 0.1328125
43 0.5078125 0.9203125 0.165625 0.1171875
3 0.7453125 0.928125 0.184375 0.125
46 0.3625 0.1515625 0.196875 0.196875
36 0.68359375 0.20390625 0.125 0.0921875
4 0.7875 0.4328125 0.1703125 0.14375
47 0.56796875 0.43671875 0.121875 0.0828125
49 0.44296875 0.4484375 0.1546875 0.0796875
11 0.74296875 0.47109375 0.1359375 0.0734375