3 0.4296875 0.58671875 0.159375 0.0984375
14 0.74296875 0.61171875 0.2046875 0.1015625
49 0.5578125 0.61015625 0.153125 0.090625
18 0.334375 0.61171875 0.0875 0.0734375
43 0.4109375 0.85703125 0.2328125 0.065625
36 0.73515625 0.87109375 0.1328125 0.1375
47 0.3578125 0.9171875 0.18125 0.125
27 0.58125 0.953125 0.21875 0.090625
13 0.55078125 0.21015625 0.08125 0.05625
32 0.80390625 0.23203125 0.1328125 0.0421875
46 0.42265625 0.4421875 0.2515625 0.1
4 0.775 0.45546875 0.2 0.09375
48 0.609375 0.46875 0.10625 0.0625