11 0.34375 0.4734375 0.1859375 0.06875
36 0.51171875 0.58671875 0.134375 0.1015625
9 0.73125 0.58515625 0.1796875 0.1046875
32 0.72890625 0.86484375 0.05625 0.0421875
0 0.61953125 0.878125 0.109375 0.1078125
49 0.41875 0.8859375 0.1875 0.0875
32 0.8171875 0.8734375 0.0890625 0.08125
0 0.7609375 0.90078125 0.0953125 0.0671875
14 0.75625 0.19375 0.2171875 0.090625
6 0.34296875 0.2296875 0.1359375 0.0453125
47 0.375 0.44140625 0.1234375 0.0765625
13 0.51328125 0.45078125 0.109375 0.059375
18 0.7890625 0.44609375 0.08125 0.06875