36 0.50625 0.5890625 0.140625 0.0953125
9 0.72890625 0.5921875 0.175 0.09375
35 0.35625 0.60703125 0.15625 0.090625
32 0.715625 0.8734375 0.05625 0.034375
32 0.8046875 0.88359375 0.084375 0.078125
0 0.60703125 0.890625 0.1 0.1
46 0.4296875 0.896875 0.275 0.146875
0 0.746875 0.90703125 0.0921875 0.0703125
14 0.7671875 0.20234375 0.221875 0.078125
6 0.3546875 0.22578125 0.1328125 0.0359375
47 0.3796875 0.4296875 0.115625 0.059375
13 0.51640625 0.453125 0.1125 0.05625
18 0.7921875 0.45625 0.078125 0.0609375
11 0.3515625 0.46484375 0.184375 0.065625