9 0.6296875 0.5765625 0.171875 0.08125
3 0.44296875 0.5875 0.1984375 0.075
35 0.67265625 0.59765625 0.1828125 0.0890625
6 0.52578125 0.6265625 0.11875 0.0515625
34 0.75546875 0.8234375 0.1015625 0.1625
34 0.6671875 0.821875 0.096875 0.1609375
4 0.40078125 0.8640625 0.20625 0.121875
43 0.78984375 0.93671875 0.1953125 0.115625
27 0.55859375 0.95234375 0.196875 0.09375
36 0.796875 0.20234375 0.1265625 0.0921875
46 0.38359375 0.1953125 0.2609375 0.0859375
11 0.4765625 0.2140625 0.2171875 0.065625
49 0.65703125 0.2171875 0.159375 0.065625
47 0.375 0.43984375 0.1375 0.0859375
13 0.72421875 0.459375 0.1484375 0.05625