11 0.6234375 0.4703125 0.1 0.0453125
9 0.63515625 0.54921875 0.1578125 0.0484375
47 0.4109375 0.57734375 0.1578125 0.0625
18 0.7734375 0.578125 0.071875 0.059375
35 0.65625 0.59296875 0.20625 0.1
6 0.5421875 0.8421875 0.1125 0.075
43 0.4171875 0.85859375 0.1453125 0.096875
32 0.38046875 0.93046875 0.15625 0.0859375
27 0.55625 0.95546875 0.196875 0.0859375
46 0.3265625 0.165625 0.1828125 0.1828125
36 0.65625 0.1765625 0.1171875 0.0515625
48 0.6578125 0.2046875 0.246875 0.0859375
49 0.47578125 0.2140625 0.1625 0.0625
23 0.51171875 0.41015625 0.134375 0.1328125
4 0.78125 0.40859375 0.175 0.15
23 0.64453125 0.41796875 0.153125 0.103125
0 0.3953125 0.446875 0.1625 0.0515625
13 0.42265625 0.45625 0.146875 0.0546875
11 0.73984375 0.4546875 0.13125 0.0703125