3 0.43828125 0.590625 0.15 0.10625
14 0.7546875 0.6046875 0.2046875 0.0953125
49 0.56015625 0.6046875 0.14375 0.090625
18 0.34453125 0.6171875 0.084375 0.071875
36 0.75390625 0.865625 0.146875 0.11875
43 0.44140625 0.86640625 0.234375 0.0625
47 0.37265625 0.92265625 0.1625 0.10625
27 0.59140625 0.94921875 0.2171875 0.090625
13 0.5765625 0.21328125 0.084375 0.053125
32 0.7953125 0.22265625 0.1296875 0.040625
4 0.76953125 0.45 0.2171875 0.090625
9 0.4171875 0.45078125 0.1875 0.090625
48 0.6078125 0.4640625 0.0875 0.05625