11 0.62109375 0.4796875 0.1078125 0.040625
23 0.4453125 0.54921875 0.153125 0.115625
9 0.5890625 0.57890625 0.178125 0.0953125
18 0.7640625 0.596875 0.084375 0.0625
14 0.43671875 0.60546875 0.2765625 0.0984375
6 0.68828125 0.61796875 0.14375 0.05
34 0.7546875 0.83125 0.109375 0.15
34 0.803125 0.859375 0.1 0.1703125
48 0.34921875 0.89140625 0.178125 0.1296875
43 0.515625 0.91953125 0.1625 0.1140625
3 0.753125 0.92421875 0.1796875 0.121875
46 0.35703125 0.15390625 0.19375 0.1921875
36 0.67890625 0.20078125 0.1234375 0.090625
4 0.78671875 0.42734375 0.1671875 0.140625
47 0.56640625 0.43515625 0.1203125 0.08125
49 0.4421875 0.45 0.153125 0.078125
11 0.74296875 0.46640625 0.134375 0.0703125