11 0.61953125 0.4765625 0.1078125 0.0390625
23 0.425 0.56796875 0.1484375 0.1296875
9 0.57578125 0.5765625 0.1515625 0.0953125
18 0.76484375 0.59765625 0.0671875 0.0640625
35 0.6484375 0.603125 0.2125 0.09375
34 0.74921875 0.8359375 0.0984375 0.1609375
6 0.53984375 0.83203125 0.10625 0.0609375
43 0.390625 0.8453125 0.146875 0.090625
34 0.79296875 0.86328125 0.103125 0.175
3 0.7609375 0.92890625 0.2109375 0.1265625
32 0.34921875 0.9203125 0.1453125 0.084375
46 0.3546875 0.153125 0.1703125 0.1765625
36 0.68046875 0.18671875 0.109375 0.0484375
48 0.675 0.21484375 0.2484375 0.0875
49 0.49609375 0.2171875 0.15625 0.0578125
4 0.78203125 0.42734375 0.1578125 0.1453125
0 0.40546875 0.4359375 0.16875 0.0625
47 0.56953125 0.44140625 0.1328125 0.0765625
13 0.42421875 0.45234375 0.1515625 0.0625
11 0.746875 0.4671875 0.1375 0.06875