6 0.71484375 0.47578125 0.115625 0.0484375
23 0.40546875 0.56015625 0.1671875 0.121875
14 0.75625 0.61171875 0.203125 0.10625
11 0.5484375 0.61796875 0.221875 0.0828125
3 0.77109375 0.884375 0.18125 0.1234375
27 0.4109375 0.90234375 0.1953125 0.0890625
18 0.621875 0.9203125 0.0921875 0.078125
43 0.40625 0.20625 0.1890625 0.08125
13 0.59453125 0.215625 0.0875 0.05625
32 0.8078125 0.23515625 0.146875 0.046875
9 0.403125 0.42109375 0.1734375 0.0625
49 0.5671875 0.446875 0.14375 0.078125
48 0.40859375 0.453125 0.284375 0.0875