14 0.7203125 0.6 0.215625 0.103125
9 0.38125 0.58359375 0.1703125 0.096875
43 0.53984375 0.603125 0.171875 0.0984375
34 0.584375 0.83203125 0.1015625 0.16875
34 0.49296875 0.828125 0.1109375 0.165625
23 0.36953125 0.85703125 0.13125 0.1578125
0 0.7234375 0.878125 0.178125 0.1140625
13 0.73515625 0.2203125 0.0921875 0.046875
11 0.52109375 0.221875 0.228125 0.065625
48 0.68359375 0.45390625 0.0625 0.05
48 0.79375 0.46328125 0.1203125 0.0859375
47 0.38828125 0.446875 0.140625 0.0875
4 0.575 0.46484375 0.2640625 0.078125