36 0.503125 0.5890625 0.14375 0.1
9 0.72578125 0.6 0.178125 0.0984375
35 0.35234375 0.6015625 0.1578125 0.096875
32 0.70234375 0.88046875 0.0578125 0.0375
32 0.79140625 0.89375 0.0859375 0.08125
0 0.59296875 0.89375 0.1046875 0.1046875
46 0.415625 0.89453125 0.2796875 0.1578125
0 0.7328125 0.915625 0.0953125 0.0734375
14 0.77734375 0.21171875 0.2234375 0.084375
6 0.3640625 0.22109375 0.134375 0.040625
47 0.38203125 0.42578125 0.11875 0.0625
13 0.51796875 0.45390625 0.1140625 0.0609375
18 0.79375 0.46640625 0.0796875 0.0640625
11 0.353125 0.459375 0.1859375 0.0734375