36 0.56171875 0.46796875 0.0875 0.053125
23 0.409375 0.56328125 0.1640625 0.13125
47 0.359375 0.6 0.146875 0.1
14 0.7625 0.61171875 0.196875 0.0890625
11 0.55 0.6140625 0.21875 0.071875
3 0.78203125 0.87890625 0.1765625 0.1265625
27 0.4 0.90234375 0.190625 0.0859375
18 0.62578125 0.92109375 0.0875 0.078125
9 0.38984375 0.1953125 0.2125 0.0796875
13 0.6015625 0.21640625 0.109375 0.053125
6 0.76484375 0.23203125 0.1375 0.0328125
49 0.55546875 0.44609375 0.146875 0.0703125
48 0.72109375 0.4625 0.2421875 0.078125
5 0.37890625 0.46015625 0.19375 0.0578125