9 0.63203125 0.56953125 0.1703125 0.1
27 0.3265625 0.58671875 0.075 0.1484375
3 0.4453125 0.59375 0.1875 0.0875
35 0.67734375 0.5828125 0.2 0.096875
34 0.78046875 0.80390625 0.0921875 0.1578125
34 0.6875 0.81171875 0.1125 0.16875
4 0.4171875 0.8671875 0.215625 0.13125
0 0.76796875 0.87421875 0.2 0.1
46 0.36328125 0.190625 0.2515625 0.134375
36 0.775 0.1796875 0.134375 0.103125
49 0.640625 0.203125 0.1640625 0.075
11 0.45703125 0.2234375 0.2203125 0.065625
14 0.4109375 0.45390625 0.275 0.0953125
13 0.71953125 0.44453125 0.153125 0.065625