3 0.43125 0.5890625 0.175 0.096875
14 0.75546875 0.60546875 0.2 0.0953125
49 0.5578125 0.60546875 0.15625 0.0875
18 0.34765625 0.62578125 0.0921875 0.078125
36 0.7703125 0.85625 0.125 0.1125
47 0.5140625 0.87421875 0.128125 0.09375
43 0.6484375 0.87578125 0.1296875 0.096875
5 0.37578125 0.89296875 0.128125 0.06875
13 0.57578125 0.2125 0.0796875 0.046875
32 0.803125 0.2234375 0.115625 0.034375
9 0.39375 0.41015625 0.19375 0.04375
4 0.78984375 0.45546875 0.16875 0.1
11 0.6203125 0.45703125 0.190625 0.0609375
48 0.4 0.46015625 0.2625 0.078125