14 0.759375 0.6015625 0.209375 0.0984375
49 0.5640625 0.60859375 0.1546875 0.090625
6 0.3734375 0.62578125 0.1375 0.0515625
46 0.79453125 0.85078125 0.15 0.2234375
35 0.66328125 0.87265625 0.1390625 0.115625
27 0.4078125 0.9015625 0.2015625 0.084375
47 0.3703125 0.203125 0.16875 0.0921875
13 0.57890625 0.21015625 0.0828125 0.0484375
32 0.796875 0.21953125 0.1328125 0.0453125
9 0.39765625 0.4296875 0.1859375 0.0734375
4 0.78125 0.446875 0.1796875 0.09375
48 0.39609375 0.46015625 0.2765625 0.078125
11 0.62265625 0.45703125 0.196875 0.0671875