11 0.61796875 0.46640625 0.1140625 0.0421875
23 0.4390625 0.5609375 0.128125 0.1171875
9 0.59140625 0.56328125 0.175 0.078125
18 0.775 0.57734375 0.08125 0.065625
14 0.65859375 0.59453125 0.275 0.1109375
35 0.41875 0.6140625 0.2125 0.096875
34 0.7796875 0.8171875 0.103125 0.171875
43 0.41640625 0.85703125 0.1609375 0.09375
34 0.828125 0.840625 0.115625 0.1875
32 0.3828125 0.9328125 0.146875 0.090625
3 0.796875 0.91328125 0.209375 0.1171875
46 0.31875 0.16875 0.18125 0.19375
36 0.653125 0.171875 0.1140625 0.05625
48 0.6484375 0.20234375 0.2625 0.0921875
49 0.46328125 0.2171875 0.1453125 0.059375
4 0.7734375 0.40390625 0.171875 0.153125
47 0.56640625 0.43203125 0.125 0.0765625
0 0.40078125 0.45234375 0.184375 0.0734375
11 0.74453125 0.44609375 0.14375 0.075
6 0.4625 0.46640625 0.140625 0.053125