9 0.63125 0.57421875 0.16875 0.078125
3 0.44453125 0.58828125 0.196875 0.071875
35 0.67421875 0.59453125 0.18125 0.084375
6 0.528125 0.62578125 0.11875 0.05
34 0.7609375 0.81875 0.1 0.1625
34 0.67265625 0.81875 0.09375 0.159375
4 0.40703125 0.865625 0.203125 0.11875
43 0.79765625 0.93125 0.19375 0.1125
27 0.56640625 0.9515625 0.1953125 0.090625
36 0.79140625 0.196875 0.125 0.090625
46 0.378125 0.19765625 0.259375 0.08125
11 0.471875 0.21484375 0.215625 0.0609375
49 0.65234375 0.21484375 0.159375 0.0625
47 0.37421875 0.4421875 0.1375 0.084375
13 0.7234375 0.45546875 0.146875 0.053125