35 0.7828125 0.6 0.1484375 0.0953125
3 0.640625 0.61875 0.175 0.0796875
27 0.41015625 0.62265625 0.2046875 0.05625
32 0.70703125 0.87421875 0.0578125 0.0421875
32 0.80078125 0.8890625 0.0921875 0.08125
0 0.60546875 0.88671875 0.103125 0.1078125
46 0.421875 0.8953125 0.26875 0.146875
0 0.7375 0.91640625 0.0875 0.0671875
36 0.80078125 0.203125 0.1421875 0.0953125
11 0.6640625 0.22578125 0.1640625 0.0421875
6 0.359375 0.221875 0.1328125 0.0390625
14 0.41640625 0.44609375 0.2765625 0.0859375
13 0.6875 0.4609375 0.10625 0.059375