9 0.6203125 0.5625 0.1546875 0.05625
47 0.4 0.57578125 0.1578125 0.0734375
35 0.63671875 0.60078125 0.203125 0.09375
6 0.4328125 0.6265625 0.1484375 0.059375
34 0.7546875 0.82578125 0.0890625 0.1625
34 0.671875 0.82421875 0.0984375 0.1671875
14 0.7671875 0.93046875 0.2078125 0.13125
43 0.5375 0.92734375 0.171875 0.1171875
3 0.36015625 0.94140625 0.1859375 0.096875
46 0.3796875 0.17890625 0.246875 0.121875
36 0.8015625 0.20546875 0.13125 0.0921875
11 0.47421875 0.21328125 0.2203125 0.0578125
49 0.6578125 0.21640625 0.159375 0.065625
23 0.64453125 0.4296875 0.1625 0.1015625
0 0.396875 0.43515625 0.153125 0.059375
13 0.4234375 0.4546875 0.1359375 0.059375