11 0.621875 0.4703125 0.109375 0.040625
23 0.44609375 0.56875 0.1359375 0.134375
9 0.58828125 0.578125 0.178125 0.090625
18 0.7203125 0.60625 0.0796875 0.0625
34 0.76171875 0.8296875 0.1078125 0.1625
34 0.80859375 0.85078125 0.103125 0.165625
3 0.62421875 0.8515625 0.2046875 0.096875
48 0.3671875 0.8875 0.165625 0.11875
46 0.34296875 0.1640625 0.228125 0.159375
36 0.6640625 0.19765625 0.1484375 0.0875
4 0.78671875 0.42109375 0.1671875 0.153125
47 0.56875 0.43828125 0.11875 0.075
49 0.43984375 0.44765625 0.14375 0.065625
11 0.73984375 0.45859375 0.1375 0.0640625