11 0.62890625 0.47734375 0.109375 0.0421875
9 0.62578125 0.559375 0.159375 0.053125
47 0.396875 0.56875 0.13125 0.065625
18 0.76796875 0.5984375 0.078125 0.059375
35 0.6484375 0.60390625 0.215625 0.1
34 0.67265625 0.83203125 0.1 0.171875
6 0.51953125 0.834375 0.109375 0.0625
43 0.3921875 0.846875 0.16875 0.1
3 0.55390625 0.88046875 0.1953125 0.0984375
32 0.3453125 0.92578125 0.140625 0.0875
5 0.73828125 0.94296875 0.159375 0.0796875
27 0.5234375 0.9484375 0.2 0.078125
46 0.34921875 0.15234375 0.1875 0.18125
36 0.67734375 0.1875 0.115625 0.05625
48 0.66953125 0.215625 0.265625 0.0875
49 0.49140625 0.21484375 0.1578125 0.0578125
23 0.51875 0.41640625 0.1390625 0.1359375
4 0.7796875 0.43046875 0.178125 0.14375
23 0.65078125 0.43046875 0.1546875 0.1046875
0 0.39921875 0.440625 0.1625 0.059375
13 0.425 0.45234375 0.14375 0.065625
11 0.7484375 0.46953125 0.134375 0.075