11 0.6203125 0.46953125 0.115625 0.0375
9 0.58828125 0.57421875 0.184375 0.096875
3 0.46015625 0.58046875 0.16875 0.0875
18 0.71953125 0.59765625 0.08125 0.0671875
34 0.7703125 0.81875 0.1046875 0.159375
34 0.81796875 0.8390625 0.10625 0.16875
43 0.6296875 0.88359375 0.209375 0.1046875
48 0.37734375 0.8953125 0.175 0.128125
46 0.32890625 0.16328125 0.196875 0.1796875
13 0.50234375 0.21484375 0.090625 0.0515625
4 0.78359375 0.4109375 0.1625 0.1421875
47 0.57421875 0.4390625 0.1328125 0.0859375
49 0.43984375 0.45 0.1515625 0.0734375
11 0.7390625 0.4484375 0.1375 0.0703125