6 0.471875 0.46796875 0.1375 0.0546875
11 0.61796875 0.46875 0.1078125 0.0390625
23 0.44140625 0.55078125 0.1453125 0.1109375
9 0.59140625 0.571875 0.171875 0.0875
18 0.771875 0.57734375 0.0828125 0.071875
14 0.45 0.60859375 0.28125 0.1171875
34 0.77109375 0.81640625 0.103125 0.153125
43 0.41953125 0.85390625 0.15 0.0875
48 0.5609375 0.8515625 0.1453125 0.08125
34 0.81875 0.84296875 0.1125 0.171875
3 0.78359375 0.90859375 0.2140625 0.128125
5 0.528125 0.93203125 0.1375 0.0859375
32 0.3796875 0.9390625 0.153125 0.10625
46 0.3390625 0.1609375 0.1859375 0.1875
36 0.6625 0.1890625 0.1375 0.0921875
49 0.47734375 0.215625 0.1703125 0.06875
4 0.78046875 0.415625 0.1671875 0.15625
47 0.5671875 0.43671875 0.1328125 0.075
0 0.4046875 0.44296875 0.16875 0.0703125
11 0.74140625 0.45078125 0.1390625 0.0734375