9 0.621875 0.5578125 0.15625 0.05625
47 0.403125 0.57890625 0.1578125 0.0734375
35 0.63984375 0.59609375 0.203125 0.09375
6 0.4375 0.628125 0.15 0.059375
34 0.765625 0.81640625 0.0890625 0.1625
34 0.6828125 0.81796875 0.0984375 0.1671875
14 0.78203125 0.92109375 0.2078125 0.13125
43 0.553125 0.92578125 0.171875 0.1171875
3 0.37578125 0.94609375 0.1859375 0.096875
46 0.36875 0.18359375 0.246875 0.121875
36 0.790625 0.19453125 0.13125 0.0921875
11 0.46484375 0.21484375 0.2203125 0.0578125
49 0.6484375 0.21171875 0.159375 0.065625
23 0.64140625 0.425 0.1625 0.1015625
0 0.3953125 0.43828125 0.153125 0.059375
13 0.421875 0.4578125 0.1375 0.059375