9 0.62421875 0.5828125 0.1703125 0.1
27 0.31875 0.56796875 0.075 0.1484375
3 0.4359375 0.5875 0.1875 0.0875
35 0.66796875 0.60078125 0.2 0.096875
34 0.746875 0.83125 0.09375 0.15625
34 0.65390625 0.8296875 0.1109375 0.16875
4 0.3796875 0.85703125 0.215625 0.13125
0 0.72734375 0.9 0.2 0.1
46 0.39609375 0.17734375 0.2515625 0.134375
36 0.80703125 0.21015625 0.134375 0.103125
49 0.67109375 0.21953125 0.1640625 0.0734375
11 0.48671875 0.22109375 0.2203125 0.065625
14 0.41640625 0.44453125 0.275 0.0953125
13 0.72421875 0.46796875 0.153125 0.065625