11 0.62734375 0.4765625 0.1125 0.0375
23 0.44375 0.5609375 0.1515625 0.1421875
9 0.5875 0.58203125 0.18125 0.096875
14 0.68671875 0.6078125 0.284375 0.103125
34 0.7515625 0.83984375 0.1046875 0.1625
3 0.6125 0.85546875 0.20625 0.103125
34 0.79296875 0.8625 0.1109375 0.16875
48 0.35703125 0.87890625 0.1796875 0.128125
46 0.36640625 0.153125 0.1984375 0.18125
36 0.68125 0.20546875 0.1640625 0.0921875
4 0.78984375 0.42890625 0.1703125 0.153125
47 0.575 0.43984375 0.13125 0.0921875
49 0.4421875 0.4453125 0.146875 0.071875
11 0.74296875 0.46953125 0.1359375 0.075