11 0.628125 0.47265625 0.10625 0.0375
9 0.628125 0.5546875 0.15625 0.046875
47 0.39921875 0.57265625 0.128125 0.0609375
18 0.77109375 0.5890625 0.0765625 0.059375
35 0.65234375 0.5984375 0.2125 0.09375
34 0.684375 0.82578125 0.09375 0.16875
6 0.53125 0.83359375 0.1078125 0.059375
43 0.4046875 0.85078125 0.165625 0.09375
3 0.5671875 0.878125 0.1921875 0.090625
32 0.36015625 0.93125 0.140625 0.0828125
5 0.75390625 0.934375 0.15625 0.075
27 0.5390625 0.94765625 0.196875 0.071875
46 0.3375 0.1578125 0.18125 0.175
36 0.66640625 0.18125 0.1125 0.05
48 0.659375 0.21015625 0.2625 0.078125
49 0.48125 0.215625 0.15625 0.053125
23 0.515625 0.415625 0.134375 0.13125
4 0.77734375 0.42109375 0.171875 0.1375
23 0.6484375 0.425 0.153125 0.1
0 0.396875 0.44453125 0.1625 0.053125
13 0.4234375 0.4546875 0.140625 0.0609375
11 0.746875 0.4609375 0.13125 0.071875