11 0.6234375 0.47265625 0.1 0.04375
9 0.634375 0.5515625 0.15625 0.046875
47 0.41015625 0.57578125 0.1578125 0.059375
18 0.771875 0.5828125 0.0703125 0.0578125
35 0.6546875 0.59609375 0.2046875 0.096875
6 0.53671875 0.84296875 0.1109375 0.0734375
43 0.4109375 0.85703125 0.14375 0.09375
32 0.3734375 0.928125 0.1546875 0.084375
27 0.54921875 0.95703125 0.1953125 0.0828125
46 0.33203125 0.16328125 0.1796875 0.1796875
36 0.66171875 0.17890625 0.115625 0.05
48 0.6625 0.20703125 0.2453125 0.0828125
49 0.48125 0.21328125 0.1625 0.059375
23 0.51328125 0.4109375 0.13125 0.13125
4 0.7828125 0.4140625 0.1734375 0.146875
23 0.64609375 0.42109375 0.1515625 0.1
0 0.39609375 0.44453125 0.1609375 0.0484375
13 0.4234375 0.45546875 0.1453125 0.053125
11 0.740625 0.459375 0.13125 0.0671875