11 0.628125 0.48046875 0.1140625 0.040625
9 0.70703125 0.59765625 0.178125 0.1015625
3 0.54453125 0.6046875 0.2140625 0.1046875
18 0.34765625 0.5984375 0.0828125 0.06875
36 0.73984375 0.8859375 0.146875 0.1234375
48 0.5578125 0.89140625 0.146875 0.140625
43 0.35234375 0.88125 0.1796875 0.125
46 0.37578125 0.153125 0.1921875 0.178125
13 0.53203125 0.21796875 0.09375 0.05
4 0.79140625 0.434375 0.159375 0.146875
47 0.5765625 0.44609375 0.125 0.0984375
49 0.4484375 0.4453125 0.159375 0.071875
11 0.74921875 0.47265625 0.1359375 0.075