14 0.721875 0.59609375 0.215625 0.1
9 0.3828125 0.5859375 0.16875 0.09375
43 0.54140625 0.60234375 0.1703125 0.0953125
34 0.58984375 0.83046875 0.0984375 0.1671875
34 0.4984375 0.828125 0.109375 0.1640625
23 0.37578125 0.859375 0.128125 0.1546875
0 0.7296875 0.87421875 0.1765625 0.1109375
13 0.73046875 0.21640625 0.0921875 0.0453125
11 0.515625 0.22109375 0.228125 0.0625
48 0.6828125 0.45078125 0.0609375 0.0484375
48 0.79296875 0.4578125 0.11875 0.084375
47 0.3875 0.44921875 0.1390625 0.0859375
4 0.575 0.46328125 0.2640625 0.0734375