11 0.62109375 0.47890625 0.1140625 0.0421875
23 0.4328125 0.5546875 0.1265625 0.1171875
9 0.584375 0.57265625 0.175 0.078125
18 0.76484375 0.60546875 0.0796875 0.065625
14 0.64765625 0.61015625 0.275 0.1109375
35 0.4078125 0.6046875 0.2109375 0.096875
34 0.74453125 0.84453125 0.103125 0.171875
43 0.3796875 0.846875 0.1609375 0.09375
34 0.79140625 0.87265625 0.115625 0.1875
32 0.33828125 0.91796875 0.146875 0.0890625
3 0.75234375 0.940625 0.2109375 0.115625
46 0.3546875 0.1515625 0.1796875 0.1921875
36 0.68671875 0.18984375 0.1140625 0.05625
48 0.67890625 0.21875 0.2625 0.0921875
49 0.49296875 0.21484375 0.1453125 0.0578125
4 0.78203125 0.4328125 0.171875 0.153125
47 0.57265625 0.43984375 0.125 0.0765625
0 0.40625 0.4421875 0.184375 0.0734375
11 0.7484375 0.471875 0.14375 0.075
6 0.465625 0.46328125 0.140625 0.053125