3 0.775 0.45703125 0.1 0.046875
3 0.80859375 0.43828125 0.1109375 0.0265625
13 0.646875 0.4484375 0.0953125 0.053125
34 0.571875 0.76171875 0.0890625 0.0765625
34 0.671875 0.76171875 0.0890625 0.0765625
36 0.75546875 0.78984375 0.0671875 0.0203125
36 0.79140625 0.79140625 0.0609375 0.0171875
36 0.821875 0.78984375 0.0671875 0.0203125
36 0.76953125 0.78671875 0.0609375 0.0265625
20 0.7859375 0.221875 0.05625 0.034375
20 0.8390625 0.221875 0.0453125 0.0375
20 0.74140625 0.225 0.04375 0.0296875
7 0.40859375 0.228125 0.134375 0.040625