11 0.34375 0.4703125 0.184375 0.065625
36 0.51015625 0.58671875 0.1328125 0.1
9 0.7296875 0.5890625 0.178125 0.1015625
32 0.72265625 0.86875 0.05625 0.04375
0 0.61328125 0.88046875 0.1078125 0.10625
49 0.4125 0.884375 0.1875 0.084375
32 0.8109375 0.87890625 0.0875 0.0796875
0 0.75390625 0.9046875 0.09375 0.065625
14 0.7609375 0.1984375 0.215625 0.0875
6 0.34765625 0.2265625 0.1359375 0.0421875
47 0.3765625 0.4390625 0.121875 0.075
13 0.5140625 0.4515625 0.109375 0.059375
18 0.78984375 0.4515625 0.0796875 0.0671875