36 0.5109375 0.58828125 0.146875 0.103125
9 0.73359375 0.58046875 0.1796875 0.1015625
35 0.36171875 0.6140625 0.159375 0.1
32 0.73515625 0.86171875 0.059375 0.0375
32 0.82421875 0.8671875 0.0875 0.084375
0 0.62734375 0.884375 0.10625 0.10625
46 0.45078125 0.9 0.2828125 0.1625
0 0.76796875 0.89375 0.0953125 0.075
14 0.7515625 0.1890625 0.225 0.090625
6 0.340625 0.23359375 0.134375 0.0421875
47 0.3765625 0.4359375 0.11875 0.065625
13 0.5140625 0.45234375 0.1140625 0.0625
18 0.78984375 0.44140625 0.08125 0.065625
11 0.35 0.47265625 0.1875 0.0765625