11 0.62421875 0.47890625 0.1125 0.0390625
9 0.6265625 0.5609375 0.153125 0.05625
47 0.4046875 0.56875 0.1484375 0.0703125
18 0.76796875 0.59765625 0.071875 0.05625
35 0.63984375 0.60234375 0.20625 0.0984375
34 0.67421875 0.82578125 0.103125 0.1609375
6 0.51953125 0.83203125 0.1046875 0.053125
43 0.3890625 0.84609375 0.1453125 0.0953125
3 0.5625 0.8875 0.1890625 0.09375
14 0.753125 0.92734375 0.2171875 0.121875
32 0.346875 0.92265625 0.15625 0.0859375
27 0.53984375 0.95390625 0.1953125 0.075
46 0.35234375 0.15546875 0.18125 0.1828125
36 0.67890625 0.18515625 0.11875 0.0546875
48 0.67109375 0.21328125 0.2828125 0.0875
49 0.4921875 0.2125 0.159375 0.059375
23 0.515625 0.41328125 0.14375 0.134375
4 0.778125 0.42734375 0.1828125 0.1609375
23 0.64140625 0.42578125 0.146875 0.09375
0 0.40078125 0.43984375 0.1796875 0.05625
13 0.421875 0.44921875 0.134375 0.059375
11 0.74453125 0.46875 0.125 0.0734375