3 0.4328125 0.590625 0.175 0.0984375
14 0.75703125 0.60078125 0.203125 0.0984375
49 0.559375 0.6046875 0.15625 0.090625
18 0.35 0.628125 0.09375 0.08125
36 0.7765625 0.8515625 0.128125 0.1125
47 0.5203125 0.87421875 0.1296875 0.096875
43 0.6546875 0.8734375 0.13125 0.1
5 0.3828125 0.8953125 0.1296875 0.071875
13 0.57109375 0.2109375 0.08125 0.0484375
32 0.7984375 0.21796875 0.115625 0.0359375
9 0.3921875 0.41171875 0.1921875 0.046875
4 0.7890625 0.45078125 0.171875 0.103125
11 0.61953125 0.4546875 0.1921875 0.065625
48 0.39921875 0.46171875 0.2640625 0.0828125