11 0.62421875 0.4765625 0.1125 0.0375
9 0.628125 0.55859375 0.153125 0.0546875
47 0.40546875 0.5703125 0.1484375 0.06875
18 0.76953125 0.59296875 0.0703125 0.0546875
35 0.64140625 0.6 0.2046875 0.0953125
34 0.6796875 0.82265625 0.1 0.159375
6 0.52578125 0.83203125 0.1046875 0.0515625
43 0.3953125 0.8484375 0.14375 0.0921875
3 0.56875 0.88671875 0.1875 0.090625
14 0.7609375 0.92265625 0.215625 0.11875
32 0.35390625 0.92578125 0.1546875 0.084375
27 0.54765625 0.953125 0.1953125 0.071875
46 0.346875 0.15859375 0.178125 0.1796875
36 0.6734375 0.18203125 0.1171875 0.0515625
48 0.665625 0.2109375 0.28125 0.084375
49 0.48671875 0.21328125 0.1578125 0.05625
23 0.5140625 0.4125 0.140625 0.13125
4 0.77734375 0.42265625 0.18125 0.1578125
23 0.640625 0.4234375 0.1453125 0.090625
0 0.39921875 0.44140625 0.178125 0.053125
13 0.42109375 0.45078125 0.134375 0.0578125
11 0.74375 0.4640625 0.125 0.071875