26 0.02421875 0.56953125 0.0484375 0.21875
26 0.06796875 0.49609375 0.0796875 0.21015625
26 0.14296875 0.63046875 0.1015625 0.33515625
26 0.1859375 0.61640625 0.0875 0.3125
26 0.26171875 0.6390625 0.10390625 0.35234375
26 0.32734375 0.5765625 0.0765625 0.27421875
26 0.3921875 0.6234375 0.08359375 0.27109375
26 0.48203125 0.6328125 0.15625 0.41953125
26 0.5765625 0.50546875 0.184375 0.39375
26 0.69609375 0.7625 0.22890625 0.41171875
26 0.8015625 0.4984375 0.1890625 0.4
26 0.91640625 0.71640625 0.1671875 0.5140625