26 0.04140625 0.66640625 0.0828125 0.1890625
26 0.0984375 0.83828125 0.165625 0.3234375
26 0.14296875 0.509375 0.1203125 0.2953125
26 0.2546875 0.46875 0.0953125 0.27109375
26 0.36796875 0.5046875 0.1390625 0.26640625
26 0.46484375 0.74765625 0.0984375 0.23828125
26 0.37890625 0.7171875 0.06484375 0.18359375
26 0.5234375 0.49921875 0.121875 0.30546875
26 0.62265625 0.58046875 0.09140625 0.22265625
26 0.715625 0.509375 0.15703125 0.34609375
26 0.79140625 0.23046875 0.08671875 0.21796875
26 0.8828125 0.3546875 0.1296875 0.19375
26 0.82578125 0.5703125 0.1 0.265625
26 0.73671875 0.7984375 0.078125 0.225