50 0.24921875 0.6046875 0.18671875 0.221875
50 0.43125 0.5953125 0.16015625 0.221875
50 0.61796875 0.61796875 0.1953125 0.23984375
50 0.8359375 0.64453125 0.24921875 0.26640625
50 0.03359375 0.24921875 0.0578125 0.053125
50 0.11328125 0.25546875 0.09296875 0.06640625
50 0.21328125 0.2625 0.10703125 0.0625
50 0.32421875 0.27578125 0.09765625 0.07109375
50 0.4265625 0.26875 0.0890625 0.084375
50 0.52421875 0.2796875 0.10703125 0.0796875
50 0.63984375 0.27578125 0.09765625 0.0625
50 0.72890625 0.2734375 0.09765625 0.07578125
50 0.121875 0.3375 0.1109375 0.09765625
50 0.2375 0.32421875 0.10234375 0.0890625
50 0.35078125 0.3375 0.10703125 0.0890625
50 0.453125 0.33984375 0.10703125 0.084375
50 0.5625 0.34453125 0.10234375 0.084375
50 0.6734375 0.3421875 0.12890625 0.0890625
50 0.79140625 0.3421875 0.115625 0.0890625
50 0.9 0.4359375 0.1734375 0.115625
50 0.7734375 0.43359375 0.16015625 0.09296875
50 0.62890625 0.42890625 0.146875 0.10234375
50 0.5 0.41328125 0.12890625 0.09765625
50 0.3734375 0.42890625 0.1421875 0.10234375
50 0.23359375 0.4109375 0.1640625 0.146875
50 0.08203125 0.42421875 0.15546875 0.1203125