50 0.23359375 0.16015625 0.1734375 0.1859375
50 0.72109375 0.09765625 0.2015625 0.1953125
50 0.8765625 0.265625 0.23203125 0.28359375
50 0.6546875 0.27578125 0.1890625 0.23203125
50 0.46875 0.30703125 0.1734375 0.2421875
50 0.31640625 0.3140625 0.1625 0.2265625
50 0.18359375 0.37890625 0.16640625 0.23203125
50 0.03671875 0.5953125 0.065625 0.18046875
50 0.14453125 0.5953125 0.14296875 0.18046875
50 0.27578125 0.5203125 0.10390625 0.175
50 0.41875 0.528125 0.15859375 0.20078125
50 0.58515625 0.5125 0.1890625 0.23203125
50 0.778125 0.515625 0.2046875 0.26796875
50 0.9421875 0.51015625 0.1078125 0.2578125
50 0.06171875 0.8890625 0.1 0.1703125
50 0.1953125 0.8765625 0.15859375 0.175
50 0.3375 0.88671875 0.11953125 0.14453125
50 0.4765625 0.9171875 0.15859375 0.14453125
50 0.64296875 0.928125 0.15859375 0.134375
50 0.86484375 0.9328125 0.2390625 0.1234375
50 0.9 0.75546875 0.19296875 0.21171875
50 0.7046875 0.73203125 0.1734375 0.24765625
50 0.52890625 0.73203125 0.1625 0.2265625
50 0.37421875 0.71171875 0.1625 0.19609375
50 0.10625 0.7140625 0.14296875 0.09765625