50 0.70703125 0.7890625 0.27578125 0.38671875
50 0.44921875 0.6953125 0.3109375 0.2625
50 0.2421875 0.5734375 0.2265625 0.23125
50 0.12421875 0.4578125 0.23984375 0.2046875
50 0.29140625 0.35546875 0.2 0.21328125
50 0.39765625 0.4578125 0.15546875 0.178125
50 0.5109375 0.5421875 0.26640625 0.21328125
50 0.76875 0.5203125 0.23984375 0.221875
50 0.86640625 0.353125 0.23125 0.253125
50 0.60234375 0.421875 0.20859375 0.1421875
50 0.6625 0.31328125 0.2578125 0.18203125
50 0.52421875 0.30703125 0.178125 0.2046875
50 0.43359375 0.2640625 0.146875 0.2