50 0.48671875 0.75390625 0.2609375 0.26875
50 0.303125 0.703125 0.18046875 0.27265625
50 0.1140625 0.6140625 0.196875 0.27265625
50 0.49453125 0.4796875 0.2765625 0.2875
50 0.23671875 0.4328125 0.25 0.26875
50 0.12734375 0.3828125 0.20234375 0.2125
50 0.21796875 0.20546875 0.2875 0.1640625
50 0.44453125 0.25 0.409375 0.17890625
50 0.4359375 0.09140625 0.31953125 0.16015625
50 0.659375 0.14921875 0.265625 0.1046875
50 0.7046875 0.29453125 0.2609375 0.171875
50 0.734375 0.4515625 0.20234375 0.171875
50 0.75546875 0.575 0.265625 0.18671875
50 0.8484375 0.6921875 0.1859375 0.19765625
50 0.57734375 0.046875 0.21796875 0.0859375
50 0.83515625 0.1171875 0.2125 0.13046875
50 0.8109375 0.2125 0.14375 0.11953125
50 0.85625 0.34140625 0.13828125 0.115625
50 0.9015625 0.4609375 0.15390625 0.1234375
50 0.93359375 0.56875 0.090625 0.10078125