50 0.4984375 0.45078125 0.265625 0.4421875
50 0.72421875 0.3359375 0.2140625 0.31640625
50 0.40703125 0.1296875 0.19296875 0.25859375
50 0.12734375 0.3765625 0.1859375 0.2703125
50 0.46171875 0.8359375 0.27578125 0.31640625
50 0.2640625 0.7296875 0.21015625 0.390625
50 0.853125 0.81640625 0.27265625 0.35625
50 0.815625 0.5203125 0.203125 0.2359375
50 0.903125 0.35625 0.165625 0.27578125
50 0.0796875 0.71015625 0.1515625 0.20078125
50 0.04453125 0.90703125 0.0890625 0.1734375
50 0.86015625 0.109375 0.16171875 0.1953125