50 0.625 0.4328125 0.1390625 0.15234375
50 0.24609375 0.4609375 0.06875 0.16328125
50 0.428125 0.9609375 0.0890625 0.07578125
50 0.5296875 0.94375 0.103125 0.06171875
50 0.3 0.96171875 0.07734375 0.0734375
50 0.36875 0.94453125 0.059375 0.090625
50 0.43515625 0.88203125 0.0890625 0.06875
50 0.50859375 0.87109375 0.09453125 0.06875
50 0.665625 0.9625 0.14453125 0.06171875
50 0.93984375 0.94140625 0.11796875 0.103125
50 0.84375 0.96640625 0.1109375 0.06328125
50 0.74609375 0.92265625 0.103125 0.1203125
50 0.84453125 0.940625 0.0765625 0.11484375
50 0.37421875 0.8 0.08515625 0.09453125
50 0.3890625 0.8734375 0.0734375 0.11015625
50 0.45 0.82734375 0.0625 0.084375
50 0.55078125 0.83359375 0.09765625 0.11640625
50 0.5328125 0.746875 0.0703125 0.084375
50 0.3125 0.76328125 0.071875 0.11015625
50 0.2828125 0.86171875 0.0828125 0.121875
50 0.11171875 0.821875 0.09296875 0.1234375
50 0.30546875 0.6671875 0.078125 0.07578125
50 0.3890625 0.69453125 0.0703125 0.11015625
50 0.459375 0.73671875 0.06640625 0.084375