50 0.1375 0.74140625 0.2375 0.21875
50 0.3703125 0.74296875 0.2296875 0.20546875
50 0.67734375 0.7359375 0.25625 0.19765625
50 0.9015625 0.684375 0.1921875 0.1890625
50 0.69765625 0.56015625 0.2265625 0.18125
50 0.49765625 0.61171875 0.19453125 0.16796875
50 0.275 0.546875 0.18125 0.17578125
50 0.11875 0.565625 0.13046875 0.14921875
50 0.15234375 0.4453125 0.1546875 0.08515625
50 0.2890625 0.4375 0.13046875 0.08515625
50 0.5109375 0.35859375 0.1625 0.13046875
50 0.72265625 0.4015625 0.16015625 0.10390625
50 0.18828125 0.37734375 0.11484375 0.06171875
50 0.384375 0.3796875 0.09609375 0.07734375
50 0.5171875 0.46171875 0.1703125 0.1171875