50 0.08203125 0.46328125 0.1640625 0.3296875
50 0.29453125 0.56328125 0.3421875 0.2640625
50 0.596875 0.5375 0.29375 0.265625
50 0.8859375 0.63515625 0.225 0.1265625
50 0.79765625 0.53828125 0.1609375 0.1765625
50 0.890625 0.39296875 0.19375 0.2953125
50 0.66640625 0.37109375 0.2921875 0.2109375
50 0.3046875 0.32109375 0.321875 0.2703125
50 0.43359375 0.28984375 0.2046875 0.1984375
50 0.753125 0.2296875 0.240625 0.171875
50 0.56875 0.26015625 0.196875 0.0828125
50 0.44765625 0.14375 0.2578125 0.2125
50 0.271875 0.1265625 0.215625 0.175
50 0.10234375 0.23203125 0.1953125 0.1484375
50 0.00546875 0.64609375 0.0046875 0.0109375
50 0.69453125 0.08359375 0.2359375 0.1421875
50 0.96796875 0.14921875 0.0609375 0.2078125