50 0.11171875 0.85078125 0.20234375 0.296875
50 0.315625 0.853125 0.35625 0.2921875
50 0.8125 0.86796875 0.371875 0.24921875
50 0.5859375 0.9015625 0.1 0.190625
50 0.8265625 0.621875 0.2234375 0.1703125
50 0.6125 0.61953125 0.18828125 0.16171875
50 0.40078125 0.62578125 0.2296875 0.17890625
50 0.2015625 0.62421875 0.2 0.17890625
50 0.30546875 0.43671875 0.14140625 0.08671875
50 0.4625 0.43671875 0.1421875 0.0734375
50 0.61328125 0.43125 0.15546875 0.08359375
50 0.77265625 0.43046875 0.1265625 0.06171875
50 0.67109375 0.39296875 0.10625 0.08359375
50 0.57578125 0.38828125 0.1203125 0.07421875
50 0.459375 0.39296875 0.12421875 0.06328125
50 0.33828125 0.38125 0.1 0.04296875
50 0.6359375 0.33671875 0.10234375 0.0359375
50 0.53671875 0.3421875 0.09609375 0.03828125
50 0.4421875 0.3359375 0.10234375 0.0484375
50 0.36953125 0.35078125 0.10859375 0.0453125
50 0.35546875 0.30546875 0.1203125 0.0359375
50 0.453125 0.296875 0.08046875 0.034375
50 0.52890625 0.30390625 0.0703125 0.0484375
50 0.6 0.30625 0.06640625 0.04296875