50 0.4109375 0.878125 0.24453125 0.2265625
50 0.80859375 0.90703125 0.21328125 0.178125
50 0.49296875 0.6421875 0.2578125 0.253125
50 0.33125 0.48203125 0.2359375 0.21796875
50 0.19140625 0.65078125 0.24921875 0.1640625
50 0.4953125 0.28203125 0.20859375 0.1640625
50 0.553125 0.4796875 0.2359375 0.1953125
50 0.76015625 0.5375 0.2046875 0.23984375
50 0.621875 0.83125 0.18671875 0.2046875
50 0.8734375 0.353125 0.20859375 0.18203125
50 0.953125 0.578125 0.084375 0.23125
50 0.94453125 0.7890625 0.10234375 0.18203125