50 0.1796875 0.6640625 0.35625 0.42421875
50 0.48515625 0.8703125 0.51015625 0.25625
50 0.259375 0.8796875 0.21796875 0.228125
50 0.93828125 0.67890625 0.1203125 0.40625
50 0.82265625 0.89296875 0.35 0.21015625
50 0.734375 0.5953125 0.36796875 0.40234375
50 0.45703125 0.6296875 0.265625 0.27578125
50 0.39375 0.328125 0.39609375 0.428125
50 0.68125 0.3421875 0.2859375 0.271875
50 0.87421875 0.2046875 0.23984375 0.334375
50 0.58671875 0.16328125 0.25 0.1703125
50 0.3578125 0.07734375 0.27578125 0.13828125
50 0.17734375 0.196875 0.28203125 0.23828125