50 0.09140625 0.6796875 0.1203125 0.12421875
50 0.253125 0.6640625 0.12421875 0.1203125
50 0.17578125 0.83125 0.15546875 0.09765625
50 0.33125 0.81328125 0.15546875 0.07109375
50 0.446875 0.75078125 0.1203125 0.13359375
50 0.5375 0.81328125 0.16015625 0.10703125
50 0.80703125 0.7625 0.19140625 0.12890625
50 0.83125 0.56875 0.16015625 0.12421875
50 0.553125 0.6625 0.15546875 0.115625
50 0.421875 0.62890625 0.10703125 0.1109375
50 0.215625 0.56640625 0.10234375 0.09296875
50 0.0375 0.56171875 0.075 0.1203125
50 0.13359375 0.4046875 0.115625 0.09765625
50 0.25078125 0.37578125 0.1203125 0.09296875
50 0.384375 0.3796875 0.1375 0.084375
50 0.37578125 0.46015625 0.1109375 0.09296875
50 0.2578125 0.4734375 0.0890625 0.10234375
50 0.16015625 0.49296875 0.09765625 0.0890625
50 0.50703125 0.5 0.1421875 0.084375
50 0.5265625 0.4046875 0.12890625 0.10703125
50 0.74453125 0.415625 0.1375 0.09296875
50 0.90703125 0.321875 0.09765625 0.07578125
50 0.87578125 0.478125 0.1421875 0.10234375
50 0.70234375 0.515625 0.12421875 0.09765625
50 0.7734375 0.66015625 0.12421875 0.06640625
50 0.88671875 0.6796875 0.09296875 0.0796875
50 0.51796875 0.221875 0.1203125 0.10703125
50 0.34921875 0.253125 0.1203125 0.0890625
50 0.0640625 0.24921875 0.1203125 0.09765625
50 0.23125 0.16875 0.115625 0.0890625