50 0.14921875 0.06171875 0.28828125 0.1234375
50 0.146875 0.20078125 0.2734375 0.20859375
50 0.41171875 0.075 0.2484375 0.15
50 0.87890625 0.10625 0.221875 0.2046875
50 0.884375 0.2296875 0.221875 0.2125
50 0.62890625 0.20625 0.2375 0.2046875
50 0.4484375 0.2546875 0.28828125 0.23203125
50 0.36328125 0.40703125 0.365625 0.25859375
50 0.0671875 0.36328125 0.134375 0.30078125
50 0.43046875 0.69140625 0.3453125 0.30859375
50 0.70390625 0.53671875 0.325 0.31640625
50 0.8328125 0.4 0.3140625 0.2203125
50 0.9359375 0.57734375 0.11875 0.1890625
50 0.8890625 0.81875 0.21171875 0.33203125
50 0.74453125 0.878125 0.428125 0.23515625
50 0.3609375 0.90546875 0.4328125 0.18125
50 0.15234375 0.66796875 0.29375 0.39375