50 0.51484375 0.1640625 0.1703125 0.30390625
50 0.68984375 0.1546875 0.1734375 0.2859375
50 0.86015625 0.1609375 0.16015625 0.2859375
50 0.0703125 0.41953125 0.13984375 0.315625
50 0.23203125 0.43125 0.1765625 0.315625
50 0.40859375 0.42890625 0.1703125 0.33359375
50 0.60703125 0.440625 0.1734375 0.309375
50 0.771875 0.44375 0.15703125 0.32734375
50 0.925 0.44921875 0.14296875 0.29140625
50 0.1234375 0.70546875 0.1796875 0.36328125
50 0.31328125 0.7234375 0.18671875 0.3515625
50 0.5046875 0.7171875 0.18359375 0.36328125
50 0.68828125 0.73515625 0.1703125 0.3515625
50 0.8703125 0.746875 0.16640625 0.32734375