50 0.10234375 0.146875 0.1796875 0.25
50 0.23828125 0.34140625 0.14765625 0.20546875
50 0.25 0.55546875 0.21171875 0.25546875
50 0.09375 0.38359375 0.15625 0.3109375
50 0.06796875 0.578125 0.1359375 0.2
50 0.121875 0.746875 0.14765625 0.18359375
50 0.2359375 0.778125 0.31171875 0.321875
50 0.43203125 0.85 0.28828125 0.26640625
50 0.80234375 0.821875 0.315625 0.33359375
50 0.71796875 0.66953125 0.24375 0.25
50 0.58203125 0.95546875 0.14765625 0.078125
50 0.5 0.646875 0.2640625 0.228125
50 0.8859375 0.44140625 0.2203125 0.328125
50 0.94765625 0.68359375 0.09609375 0.26640625
50 0.63984375 0.44140625 0.1921875 0.2609375
50 0.4703125 0.36953125 0.2203125 0.3390625
50 0.35 0.296875 0.1 0.19453125
50 0.25 0.1390625 0.1640625 0.2109375
50 0.378125 0.103125 0.115625 0.1609375
50 0.484375 0.1609375 0.14375 0.23359375
50 0.584375 0.296875 0.1203125 0.1609375
50 0.66015625 0.121875 0.16015625 0.23359375
50 0.75390625 0.25859375 0.18828125 0.30546875
50 0.871875 0.14453125 0.16015625 0.26640625