50 0.02421875 0.04609375 0.0484375 0.0828125
50 0.028125 0.15234375 0.05546875 0.11328125
50 0.08359375 0.134375 0.08828125 0.10625
50 0.15390625 0.24609375 0.065625 0.10859375
50 0.09453125 0.2546875 0.078125 0.140625
50 0.0359375 0.2515625 0.071875 0.08359375
50 0.04765625 0.3796875 0.09453125 0.1234375
50 0.103125 0.36484375 0.1015625 0.103125
50 0.228125 0.33125 0.16484375 0.22890625
50 0.3921875 0.35078125 0.1734375 0.2390625
50 0.55859375 0.34765625 0.16328125 0.21171875
50 0.7328125 0.36484375 0.175 0.20703125
50 0.8078125 0.32109375 0.13203125 0.175
50 0.85078125 0.27734375 0.15234375 0.16015625
50 0.9 0.2453125 0.08515625 0.15
50 0.93671875 0.26015625 0.0703125 0.15
50 0.884375 0.1046875 0.1078125 0.1453125
50 0.84375 0.115625 0.10625 0.1625
50 0.79375 0.12578125 0.1140625 0.17265625
50 0.740625 0.13828125 0.115625 0.1875
50 0.66875 0.184375 0.18125 0.23671875
50 0.4984375 0.190625 0.1859375 0.2140625
50 0.32890625 0.18828125 0.15546875 0.209375
50 0.45078125 0.06875 0.16640625 0.128125
50 0.61875 0.05703125 0.178125 0.103125
50 0.11796875 0.5234375 0.16328125 0.2390625
50 0.27578125 0.53046875 0.16015625 0.2484375
50 0.434375 0.5515625 0.1859375 0.27109375
50 0.60703125 0.57734375 0.20078125 0.2734375
50 0.78515625 0.58984375 0.19140625 0.25859375
50 0.8796875 0.51484375 0.12890625 0.196875
50 0.91328125 0.4578125 0.14375 0.1921875
50 0.8578125 0.82421875 0.2421875 0.29296875
50 0.93359375 0.7203125 0.12578125 0.2140625
50 0.67421875 0.815625 0.20078125 0.3203125
50 0.4875 0.78359375 0.19765625 0.27109375
50 0.3078125 0.75859375 0.16484375 0.28046875
50 0.15703125 0.73984375 0.15390625 0.303125
50 0.0453125 0.703125 0.08671875 0.25390625
50 0.06875 0.89375 0.1375 0.20234375
50 0.19296875 0.90390625 0.1828125 0.15234375
50 0.35546875 0.9203125 0.2109375 0.13515625
50 0.53671875 0.93828125 0.23046875 0.103125
50 0.7421875 0.9546875 0.1828125 0.08125
50 0.92890625 0.9578125 0.1390625 0.0640625