50 0.59609375 0.78671875 0.23515625 0.3171875
50 0.1265625 0.67734375 0.159375 0.1421875
50 0.29140625 0.67734375 0.15546875 0.196875
50 0.15234375 0.85546875 0.159375 0.21328125
50 0.3078125 0.83046875 0.15234375 0.1859375
50 0.40234375 0.9234375 0.1453125 0.1421875
50 0.11953125 0.40703125 0.15234375 0.13671875
50 0.1125 0.55703125 0.1375 0.0765625
50 0.275 0.51640625 0.15234375 0.13671875
50 0.44921875 0.27890625 0.1015625 0.109375
50 0.08671875 0.28984375 0.115625 0.109375
50 0.28046875 0.2921875 0.11953125 0.11484375
50 0.328125 0.371875 0.08359375 0.1203125
50 0.3984375 0.61484375 0.1234375 0.15859375