50 0.0859375 0.3453125 0.17109375 0.2609375
50 0.29140625 0.19609375 0.20703125 0.32265625
50 0.646875 0.1484375 0.23125 0.2515625
50 0.82109375 0.2 0.19375 0.265625
50 0.9359375 0.33671875 0.12734375 0.259375
50 0.94296875 0.6140625 0.1125 0.334375
50 0.89140625 0.821875 0.21640625 0.2640625
50 0.67890625 0.83046875 0.23515625 0.24609375
50 0.46875 0.840625 0.225 0.246875
50 0.221875 0.83984375 0.21953125 0.25859375
50 0.05859375 0.8453125 0.1078125 0.24609375
50 0.10546875 0.6203125 0.21015625 0.2984375
50 0.22109375 0.45390625 0.14765625 0.24609375
50 0.33125 0.62890625 0.2453125 0.28125
50 0.39296875 0.40703125 0.22578125 0.27578125
50 0.56484375 0.61796875 0.19609375 0.303125
50 0.76484375 0.596875 0.2328125 0.3
50 0.63515625 0.37109375 0.2625 0.3328125
50 0.7859375 0.3875 0.0796875 0.20703125