50 0.1359375 0.17109375 0.253125 0.27109375
50 0.121875 0.4484375 0.24375 0.29375
50 0.32890625 0.6109375 0.30234375 0.29765625
50 0.17109375 0.815625 0.33359375 0.30703125
50 0.5625 0.8109375 0.32421875 0.2796875
50 0.1109375 0.6203125 0.21328125 0.10234375
50 0.39765625 0.33359375 0.29765625 0.24921875
50 0.61796875 0.53359375 0.3203125 0.27578125
50 0.8421875 0.76640625 0.30703125 0.29765625
50 0.83984375 0.953125 0.3109375 0.06640625
50 0.8625 0.49140625 0.26640625 0.27109375
50 0.66015625 0.28671875 0.2625 0.21796875
50 0.721875 0.12890625 0.24453125 0.1953125
50 0.90234375 0.19765625 0.178125 0.0578125
50 0.88203125 0.084375 0.21796875 0.16015625
50 0.4640625 0.121875 0.2796875 0.19140625
50 0.23984375 0.09140625 0.23984375 0.1734375
50 0.52421875 0.03984375 0.3109375 0.07109375