50 0.07421875 0.26171875 0.14609375 0.4234375
50 0.25078125 0.19921875 0.2546875 0.378125
50 0.4484375 0.15546875 0.1921875 0.30234375
50 0.62421875 0.12421875 0.18828125 0.23984375
50 0.80078125 0.09296875 0.19375 0.17109375
50 0.94296875 0.0703125 0.09765625 0.13828125
50 0.20078125 0.61484375 0.32109375 0.45234375
50 0.028125 0.7046875 0.05625 0.4296875
50 0.1140625 0.8921875 0.228125 0.2
50 0.35390625 0.83984375 0.24453125 0.3046875
50 0.40078125 0.4859375 0.24375 0.40390625
50 0.57734375 0.41015625 0.21484375 0.34453125
50 0.75234375 0.34296875 0.21640625 0.328125
50 0.91796875 0.28046875 0.15234375 0.328125
50 0.90234375 0.5859375 0.17890625 0.3734375
50 0.74375 0.67109375 0.23671875 0.38828125
50 0.55390625 0.76796875 0.21640625 0.39140625
50 0.8765625 0.88125 0.22890625 0.23515625