50 0.03984375 0.2578125 0.0640625 0.084375
50 0.11875 0.265625 0.09765625 0.08828125
50 0.0859375 0.61875 0.1640625 0.23828125
50 0.2609375 0.61796875 0.1859375 0.26015625
50 0.44609375 0.61171875 0.1796875 0.26796875
50 0.6046875 0.6328125 0.221875 0.24609375
50 0.846875 0.64765625 0.26171875 0.284375
50 0.940625 0.61875 0.1140625 0.278125
50 0.89609375 0.46328125 0.1796875 0.18203125
50 0.76171875 0.4640625 0.1796875 0.171875
50 0.63125 0.46171875 0.13828125 0.15625
50 0.5046875 0.43828125 0.11796875 0.13203125
50 0.37578125 0.46015625 0.14765625 0.13984375
50 0.22890625 0.43203125 0.16171875 0.184375
50 0.08828125 0.434375 0.16796875 0.14765625
50 0.04296875 0.34765625 0.0859375 0.12421875
50 0.1328125 0.35390625 0.12578125 0.115625
50 0.24765625 0.3328125 0.1203125 0.10625
50 0.35234375 0.35 0.1203125 0.1
50 0.453125 0.35234375 0.12578125 0.10390625
50 0.56015625 0.36875 0.1078125 0.09765625
50 0.675 0.34375 0.134375 0.11171875
50 0.7859375 0.3640625 0.1078125 0.15625
50 0.73125 0.28828125 0.08984375 0.1203125
50 0.65078125 0.28828125 0.0859375 0.128125
50 0.53828125 0.2953125 0.10390625 0.12578125
50 0.4328125 0.28828125 0.11796875 0.13203125
50 0.33671875 0.28125 0.09765625 0.10234375
50 0.22890625 0.2828125 0.11796875 0.11796875