50 0.1328125 0.40625 0.1046875 0.1078125
50 0.0765625 0.52265625 0.13984375 0.125
50 0.203125 0.52265625 0.12578125 0.10234375
50 0.2796875 0.59921875 0.1046875 0.13046875
50 0.3109375 0.72734375 0.12578125 0.14765625
50 0.03984375 0.65234375 0.0796875 0.1359375
50 0.14296875 0.63359375 0.1328125 0.13046875
50 0.0578125 0.76953125 0.115625 0.1421875
50 0.18359375 0.75859375 0.1296875 0.1421875
50 0.43515625 0.684375 0.1296875 0.17578125
50 0.5703125 0.6734375 0.12578125 0.1875
50 0.71640625 0.6703125 0.13984375 0.2046875
50 0.86015625 0.6703125 0.1328125 0.18203125
50 0.62578125 0.496875 0.13984375 0.17578125
50 0.765625 0.4859375 0.1328125 0.16484375
50 0.68359375 0.32421875 0.115625 0.159375
50 0.02109375 0.90625 0.0421875 0.1078125
50 0.103125 0.90625 0.1296875 0.11953125
50 0.23046875 0.8921875 0.11171875 0.13671875
50 0.36171875 0.86328125 0.15 0.18203125
50 0.51015625 0.86328125 0.13984375 0.18203125
50 0.65703125 0.85546875 0.13984375 0.19921875
50 0.8109375 0.846875 0.13984375 0.2046875
50 0.9390625 0.846875 0.115625 0.2046875
50 0.33359375 0.159375 0.05234375 0.05703125
50 0.30625 0.21875 0.059375 0.05078125
50 0.3953125 0.15625 0.05625 0.05078125
50 0.41796875 0.21875 0.05234375 0.0625
50 0.36015625 0.21875 0.04921875 0.0625
50 0.44609375 0.28125 0.05234375 0.05078125
50 0.265625 0.284375 0.05625 0.05703125
50 0.3265625 0.28125 0.059375 0.0625
50 0.3828125 0.284375 0.05234375 0.06796875
50 0.2328125 0.33515625 0.059375 0.06796875
50 0.296875 0.33828125 0.06328125 0.07421875
50 0.35859375 0.34375 0.05234375 0.07421875
50 0.41953125 0.34375 0.05625 0.07421875
50 0.46328125 0.340625 0.05234375 0.06796875
50 0.52421875 0.33515625 0.05625 0.06796875
50 0.58046875 0.3296875 0.04921875 0.06796875
50 0.4984375 0.403125 0.059375 0.06796875
50 0.4390625 0.41171875 0.05234375 0.07421875
50 0.3828125 0.41484375 0.059375 0.06796875
50 0.246875 0.44296875 0.09453125 0.0796875