50 0.16640625 0.8515625 0.225 0.0953125
50 0.7359375 0.77734375 0.2515625 0.15859375
50 0.92109375 0.78828125 0.13984375 0.17265625
50 0.51015625 0.7328125 0.28046875 0.0921875
50 0.284375 0.76328125 0.2359375 0.140625
50 0.1 0.759375 0.1953125 0.165625
50 0.06953125 0.621875 0.13828125 0.1203125
50 0.22109375 0.63515625 0.225 0.146875
50 0.42421875 0.6453125 0.21484375 0.1359375
50 0.61953125 0.65 0.2234375 0.12734375
50 0.828125 0.65234375 0.21875 0.11796875
50 0.94921875 0.675 0.09921875 0.12265625
50 0.9046875 0.55546875 0.18828125 0.12578125
50 0.7234375 0.54453125 0.21484375 0.1203125
50 0.52734375 0.53984375 0.225 0.12890625
50 0.328125 0.534375 0.22109375 0.11796875
50 0.1390625 0.5234375 0.225 0.11796875
50 0.03203125 0.51796875 0.0640625 0.1078125
50 0.946875 0.44921875 0.103125 0.08359375
50 0.80703125 0.4484375 0.19765625 0.10390625
50 0.6265625 0.44921875 0.21875 0.1203125
50 0.4421875 0.44453125 0.20390625 0.1109375
50 0.2671875 0.43203125 0.20703125 0.1046875
50 0.0640625 0.35234375 0.12734375 0.09609375
50 0.19453125 0.34375 0.19765625 0.0859375
50 0.35703125 0.35 0.18359375 0.09296875
50 0.53046875 0.34921875 0.19765625 0.10625
50 0.725 0.3546875 0.19140625 0.07265625
50 0.9109375 0.36640625 0.159375 0.1
50 0.9375 0.29375 0.12265625 0.0859375
50 0.8 0.30078125 0.1703125 0.090625
50 0.63515625 0.28671875 0.19375 0.10390625
50 0.459375 0.2703125 0.18359375 0.08359375
50 0.30078125 0.26875 0.159375 0.0859375
50 0.14453125 0.26015625 0.1875 0.0953125
50 0.25 0.18828125 0.1390625 0.084375
50 0.4015625 0.18984375 0.1703125 0.07734375
50 0.56796875 0.19921875 0.15703125 0.0859375
50 0.7375 0.225 0.153125 0.0609375
50 0.884375 0.228125 0.13984375 0.0734375
50 0.8125 0.17734375 0.13984375 0.0703125
50 0.67265625 0.1703125 0.159375 0.08828125
50 0.4921875 0.15234375 0.18046875 0.08359375
50 0.35 0.1421875 0.14296875 0.08203125
50 0.44921875 0.08046875 0.1296875 0.06328125
50 0.59453125 0.1078125 0.1390625 0.0765625
50 0.75078125 0.09765625 0.17421875 0.0890625
50 0.65390625 0.0625 0.1296875 0.05390625
50 0.52890625 0.03984375 0.146875 0.0765625