50 0.0625 0.0890625 0.125 0.17421875
50 0.190625 0.23671875 0.24921875 0.33984375
50 0.04140625 0.33203125 0.0828125 0.346875
50 0.14296875 0.546875 0.26015625 0.3390625
50 0.0640625 0.78515625 0.128125 0.40703125
50 0.23125 0.840625 0.2640625 0.3046875
50 0.43359375 0.44375 0.26171875 0.34140625
50 0.34140625 0.67578125 0.17734375 0.2765625
50 0.4953125 0.81484375 0.26484375 0.35703125
50 0.70859375 0.9140625 0.296875 0.15859375
50 0.89609375 0.803125 0.1890625 0.38046875
50 0.909375 0.37265625 0.16796875 0.3234375
50 0.95234375 0.55703125 0.09453125 0.13046875
50 0.83125 0.55078125 0.1515625 0.18046875
50 0.69296875 0.35 0.265625 0.346875
50 0.4359375 0.14453125 0.24765625 0.2890625
50 0.71484375 0.1109375 0.26640625 0.221875
50 0.91640625 0.12578125 0.1640625 0.2515625