50 0.18203125 0.64140625 0.315625 0.3484375
50 0.3859375 0.4671875 0.2703125 0.29140625
50 0.67578125 0.4609375 0.309375 0.33203125
50 0.89765625 0.63125 0.19296875 0.27890625
50 0.80234375 0.71640625 0.24140625 0.246875
50 0.575 0.709375 0.00234375 0.0015625
50 0.840625 0.84140625 0.315625 0.3140625
50 0.5515625 0.778125 0.2921875 0.35546875
50 0.44296875 0.78125 0.175 0.2234375
50 0.1765625 0.871875 0.33984375 0.25234375
50 0.42578125 0.93671875 0.30234375 0.12265625
50 0.64453125 0.96484375 0.21171875 0.0671875