50 0.140625 0.7234375 0.27265625 0.28359375
50 0.390625 0.85625 0.36875 0.27109375
50 0.80703125 0.72734375 0.359375 0.2765625
50 0.1859375 0.4140625 0.3265625 0.2171875
50 0.2078125 0.0796875 0.20234375 0.15703125
50 0.39453125 0.1703125 0.21171875 0.1609375
50 0.484375 0.05546875 0.2 0.10859375
50 0.68984375 0.0796875 0.22109375 0.14765625
50 0.8890625 0.09453125 0.209375 0.13046875
50 0.53515625 0.32421875 0.23984375 0.1296875
50 0.75234375 0.234375 0.22109375 0.15703125
50 0.93671875 0.20234375 0.12421875 0.14296875
50 0.6125 0.84609375 0.290625 0.23828125
50 0.5609375 0.66484375 0.2421875 0.2015625
50 0.325 0.65078125 0.2953125 0.21953125
50 0.88671875 0.35 0.2234375 0.18125
50 0.92109375 0.5203125 0.1453125 0.22265625
50 0.72109375 0.515625 0.28359375 0.17734375
50 0.46875 0.48671875 0.26328125 0.19453125
50 0.38203125 0.32265625 0.2421875 0.14765625
50 0.128125 0.2078125 0.2046875 0.2171875
50 0.26328125 0.2515625 0.15703125 0.13359375
50 0.04765625 0.2171875 0.09296875 0.190625