50 0.09375 0.41640625 0.1875 0.3140625
50 0.0859375 0.73125 0.171875 0.33515625
50 0.1859375 0.8671875 0.228125 0.25546875
50 0.25390625 0.60390625 0.18828125 0.3671875
50 0.48828125 0.67578125 0.23984375 0.234375
50 0.43828125 0.47109375 0.2359375 0.1859375
50 0.284375 0.303125 0.16015625 0.19140625
50 0.1 0.1890625 0.1921875 0.14375
50 0.33984375 0.09296875 0.2078125 0.17578125
50 0.46171875 0.2609375 0.18828125 0.18046875
50 0.39375 0.86953125 0.1796875 0.22890625
50 0.56171875 0.8640625 0.18828125 0.2078125
50 0.6921875 0.784375 0.1921875 0.2609375
50 0.7140625 0.56640625 0.1640625 0.25
50 0.82421875 0.7078125 0.1921875 0.2125
50 0.8921875 0.52421875 0.184375 0.2390625
50 0.86171875 0.32734375 0.13203125 0.14375
50 0.634375 0.3828125 0.115625 0.13828125
50 0.6203125 0.178125 0.16796875 0.1859375
50 0.784375 0.15390625 0.1359375 0.1703125
50 0.73203125 0.20234375 0.08828125 0.14921875
50 0.75 0.35078125 0.1 0.159375