50 0.27734375 0.6171875 0.3125 0.43203125
50 0.59609375 0.59140625 0.3359375 0.4484375
50 0.14453125 0.83203125 0.2640625 0.16640625
50 0.43671875 0.83984375 0.290625 0.15546875
50 0.7171875 0.85390625 0.2609375 0.13359375
50 0.928125 0.84296875 0.1421875 0.13828125
50 0.884375 0.5796875 0.221875 0.39921875
50 0.0875 0.540625 0.16796875 0.4125
50 0.11484375 0.29296875 0.2234375 0.23125
50 0.36875 0.29296875 0.2734375 0.240625
50 0.6296875 0.28125 0.2515625 0.18671875
50 0.83203125 0.2375 0.2015625 0.25390625
50 0.95 0.31875 0.08671875 0.13359375
50 0.83203125 0.08046875 0.1828125 0.065625
50 0.628125 0.06640625 0.1921875 0.0890625
50 0.596875 0.18046875 0.2140625 0.17890625
50 0.384375 0.178125 0.23046875 0.153125
50 0.18671875 0.121875 0.23125 0.16875
50 0.23359375 0.05703125 0.1640625 0.10234375
50 0.4171875 0.075 0.1953125 0.128125