13 0.05 0.64296875 0.1 0.0734375
20 0.03359375 0.59296875 0.0671875 0.0265625
20 0.03359375 0.56640625 0.0671875 0.0265625
20 0.03359375 0.54140625 0.0671875 0.0234375
49 0.2140625 0.59296875 0.1609375 0.046875
41 0.3140625 0.61796875 0.171875 0.0390625
19 0.33046875 0.53671875 0.1328125 0.0390625
41 0.1890625 0.71015625 0.134375 0.0390625
41 0.328125 0.578125 0.15 0.046875
0 0.30546875 0.46171875 0.1890625 0.0421875
0 0.296875 0.428125 0.19375 0.046875
51 0.04453125 0.7546875 0.0890625 0.0375
51 0.04453125 0.7234375 0.0890625 0.034375
51 0.04453125 0.68984375 0.0890625 0.0328125
51 0.3 0.36640625 0.221875 0.0390625
51 0.30546875 0.4 0.2109375 0.034375
34 0.8 0.40859375 0.4 0.0421875