51 0.53359375 0.5 0.04375 0.0265625
51 0.53359375 0.475 0.04375 0.0296875
51 0.575 0.5 0.04375 0.0265625
51 0.578125 0.4734375 0.0453125 0.0265625
34 0.5609375 0.575 0.0671875 0.0390625
34 0.5609375 0.61171875 0.0671875 0.034375
13 0.56640625 0.53515625 0.0671875 0.05
41 0.696875 0.5546875 0.0671875 0.0375
41 0.725 0.5765625 0.0671875 0.034375
0 0.88046875 0.55 0.071875 0.034375
0 0.88359375 0.51796875 0.0671875 0.034375
3 0.8390625 0.503125 0.05625 0.0609375
20 0.4609375 0.4296875 0.05625 0.0203125
20 0.4640625 0.41328125 0.05625 0.0203125
20 0.45859375 0.36015625 0.05 0.0265625
30 0.878125 0.61484375 0.084375 0.040625
30 0.875 0.58515625 0.084375 0.0296875