28 0.51328125 0.54140625 0.0703125 0.14140625
28 0.5828125 0.58203125 0.08515625 0.146875
28 0.659375 0.49375 0.071875 0.146875
28 0.28046875 0.39375 0.075 0.16484375
28 0.2265625 0.51015625 0.0796875 0.18515625
28 0.27734375 0.0984375 0.08515625 0.196875
28 0.290625 0.46796875 0.08203125 0.18203125
28 0.2078125 0.34296875 0.071875 0.16796875
28 0.44765625 0.5484375 0.06171875 0.11484375
28 0.7015625 0.5734375 0.0734375 0.1765625
28 0.7359375 0.621875 0.06796875 0.15625
28 0.66484375 0.64375 0.06015625 0.153125
28 0.46171875 0.10625 0.1 0.21171875
28 0.28984375 0.7984375 0.053125 0.1265625
28 0.2359375 0.81171875 0.06171875 0.153125
28 0.33828125 0.81328125 0.0703125 0.1265625
28 0.50234375 0.75859375 0.05859375 0.146875
28 0.671875 0.7796875 0.06015625 0.1234375
28 0.7375 0.7453125 0.0546875 0.11484375
28 0.7046875 0.09375 0.103125 0.18203125
28 0.78515625 0.1484375 0.08671875 0.18515625
28 0.86015625 0.13125 0.1265625 0.21484375
28 0.9125 0.56484375 0.09140625 0.146875
28 0.28359375 0.93359375 0.06328125 0.1265625
28 0.33828125 0.93515625 0.046875 0.1234375