28 0.1703125 0.196875 0.1765625 0.33125
28 0.36640625 0.20234375 0.121875 0.2796875
28 0.6609375 0.346875 0.14140625 0.29296875
28 0.71875 0.5453125 0.11796875 0.22890625
28 0.74453125 0.4 0.1 0.20859375
28 0.1609375 0.55 0.0640625 0.1265625
28 0.25625 0.6796875 0.07109375 0.15078125
28 0.321875 0.64921875 0.065625 0.15078125
28 0.68515625 0.7546875 0.09296875 0.19765625
28 0.5640625 0.7859375 0.08046875 0.1796875
28 0.48828125 0.74453125 0.0765625 0.19140625
28 0.759375 0.79140625 0.0390625 0.0796875
28 0.8640625 0.55859375 0.0859375 0.1796875
28 0.765625 0.61875 0.09609375 0.1890625
28 0.95 0.59296875 0.0859375 0.16875
28 0.20703125 0.49453125 0.05 0.11328125
28 0.04609375 0.678125 0.0609375 0.13359375
28 0.184375 0.734375 0.05390625 0.121875
28 0.359375 0.6765625 0.065625 0.153125
28 0.6078125 0.64140625 0.040625 0.1
28 0.58359375 0.60703125 0.053125 0.09296875
28 0.8 0.8203125 0.0390625 0.0796875
28 0.840625 0.80546875 0.040625 0.08203125
28 0.209375 0.815625 0.046875 0.09296875