28 0.14453125 0.240625 0.11796875 0.28359375
28 0.84453125 0.53203125 0.071875 0.17109375
28 0.5078125 0.30234375 0.0765625 0.15625
28 0.5765625 0.35703125 0.08828125 0.1875
28 0.23359375 0.5234375 0.075 0.1625
28 0.3 0.54609375 0.06328125 0.16640625
28 0.34375 0.51015625 0.07421875 0.17265625
28 0.3984375 0.428125 0.06953125 0.16484375
28 0.4640625 0.4328125 0.08125 0.19140625
28 0.52890625 0.4484375 0.06015625 0.15625
28 0.71796875 0.590625 0.04609375 0.11484375
28 0.6625 0.46015625 0.0359375 0.08046875
28 0.73359375 0.4421875 0.05 0.103125
28 0.78828125 0.396875 0.0578125 0.09453125
28 0.44609375 0.58046875 0.0453125 0.10703125
28 0.40546875 0.6328125 0.03671875 0.084375
28 0.80234375 0.6453125 0.03125 0.06796875
28 0.83203125 0.7109375 0.034375 0.07578125
28 0.61875 0.4546875 0.0265625 0.0578125
28 0.0828125 0.7296875 0.0453125 0.1046875
28 0.20234375 0.63046875 0.040625 0.06796875
28 0.5203125 0.5625 0.0359375 0.096875
28 0.48515625 0.5484375 0.0390625 0.10078125