28 0.490625 0.9140625 0.45 0.16796875
28 0.67265625 0.64765625 0.3703125 0.3359375
28 0.84765625 0.33125 0.30078125 0.3078125
28 0.684375 0.16875 0.32890625 0.28203125
28 0.33828125 0.67578125 0.3453125 0.3078125
28 0.14765625 0.90234375 0.2953125 0.1890625
28 0.5375 0.42890625 0.32421875 0.246875
28 0.24453125 0.46640625 0.284375 0.2515625
28 0.4 0.2609375 0.27734375 0.2375
28 0.3078125 0.12109375 0.2375 0.18203125
28 0.15625 0.31015625 0.21015625 0.18671875
28 0.1015625 0.71875 0.203125 0.25859375