28 0.6203125 0.1671875 0.271875 0.334375
28 0.29765625 0.25859375 0.2203125 0.33515625
28 0.48984375 0.3734375 0.2203125 0.36015625
28 0.71796875 0.37578125 0.2203125 0.3046875
28 0.14375 0.646875 0.1203125 0.17734375
28 0.3421875 0.55546875 0.115625 0.228125
28 0.46171875 0.57109375 0.1640625 0.21796875
28 0.64609375 0.81953125 0.1 0.146875
28 0.51015625 0.8046875 0.1 0.17734375
28 0.29375 0.78203125 0.1 0.1625
28 0.365625 0.86015625 0.07578125 0.11640625
28 0.20234375 0.78671875 0.1 0.17265625