28 0.6953125 0.36640625 0.14375 0.2609375
28 0.54765625 0.284375 0.1453125 0.228125
28 0.70078125 0.61953125 0.14296875 0.23984375
28 0.39453125 0.3015625 0.13984375 0.1890625
28 0.45 0.453125 0.1453125 0.2453125
28 0.590625 0.4703125 0.1265625 0.240625
28 0.56640625 0.69453125 0.1609375 0.2578125
28 0.1453125 0.25234375 0.1203125 0.24921875
28 0.0421875 0.28046875 0.08359375 0.26015625
28 0.225 0.515625 0.1140625 0.23046875
28 0.1453125 0.7484375 0.1203125 0.2
28 0.2734375 0.725 0.1546875 0.25390625
28 0.1421875 0.9015625 0.1390625 0.1953125
28 0.7015625 0.7578125 0.1234375 0.1453125
28 0.30546875 0.8375 0.1359375 0.23125
28 0.3125 0.38125 0.1125 0.14765625