28 0.196875 0.16875 0.07890625 0.1734375
28 0.74453125 0.6796875 0.08046875 0.1734375
28 0.43671875 0.796875 0.0734375 0.17109375
28 0.3625 0.8296875 0.075 0.153125
28 0.42109375 0.28203125 0.121875 0.253125
28 0.5375 0.09921875 0.14453125 0.19765625
28 0.1375 0.4640625 0.0640625 0.1375
28 0.5078125 0.39140625 0.10390625 0.2359375
28 0.50625 0.54921875 0.115625 0.16015625
28 0.859375 0.67578125 0.06953125 0.15546875
28 0.6984375 0.815625 0.071875 0.16015625
28 0.48828125 0.15703125 0.115625 0.25078125
28 0.5921875 0.68984375 0.0765625 0.153125
28 0.05859375 0.1890625 0.09140625 0.18203125
28 0.08828125 0.2953125 0.0875 0.1734375
28 0.2875 0.5078125 0.075 0.1578125