28 0.5671875 0.5265625 0.08515625 0.16875
28 0.7671875 0.39296875 0.08828125 0.16015625
28 0.7546875 0.35703125 0.08671875 0.121875
28 0.6109375 0.478125 0.09140625 0.15546875
28 0.6609375 0.434375 0.06171875 0.11796875
28 0.6984375 0.4703125 0.06328125 0.1046875
28 0.72734375 0.61015625 0.0453125 0.078125
28 0.48828125 0.61328125 0.04296875 0.06640625
28 0.6359375 0.584375 0.04140625 0.07109375
28 0.6671875 0.57578125 0.04140625 0.07578125
28 0.9453125 0.68984375 0.0765625 0.14921875
28 0.88828125 0.67421875 0.06640625 0.121875
28 0.63671875 0.9546875 0.06640625 0.08671875
28 0.5828125 0.9390625 0.06484375 0.11796875
28 0.240625 0.8296875 0.13515625 0.2203125
28 0.36015625 0.89921875 0.13359375 0.19765625
28 0.42890625 0.6375 0.03828125 0.053125
28 0.68671875 0.65546875 0.0296875 0.0578125
28 0.8171875 0.7203125 0.028125 0.053125
28 0.14296875 0.6546875 0.0765625 0.13125
28 0.2125 0.61328125 0.06796875 0.1421875