28 0.65703125 0.35 0.14453125 0.29375
28 0.6828125 0.75390625 0.09140625 0.209375
28 0.8640625 0.55625 0.08828125 0.175
28 0.31875 0.65 0.06015625 0.146875
28 0.56171875 0.790625 0.07421875 0.18046875
28 0.4875 0.7515625 0.08125 0.1921875
28 0.3640625 0.20078125 0.1234375 0.2765625
28 0.1671875 0.19765625 0.17265625 0.35
28 0.15859375 0.54765625 0.06328125 0.12421875
28 0.25 0.66640625 0.0703125 0.146875
28 0.71640625 0.55625 0.109375 0.209375
28 0.040625 0.6640625 0.06015625 0.11875
28 0.20625 0.8109375 0.04609375 0.09609375
28 0.75703125 0.790625 0.03515625 0.090625
28 0.79921875 0.81953125 0.03515625 0.06796875
28 0.95234375 0.59296875 0.08125 0.1578125
28 0.20234375 0.5 0.0390625 0.10703125
28 0.3640625 0.675 0.04609375 0.14140625
28 0.39453125 0.703125 0.05625 0.11875
28 0.7484375 0.3953125 0.08125 0.203125
28 0.76796875 0.61328125 0.084375 0.1640625