28 0.8203125 0.40703125 0.090625 0.159375
28 0.678125 0.36640625 0.078125 0.103125
28 0.7796875 0.36875 0.0921875 0.1296875
28 0.71328125 0.44453125 0.07265625 0.0953125
28 0.73984375 0.4984375 0.07734375 0.1328125
28 0.86328125 0.490625 0.03359375 0.0625
28 0.12421875 0.51640625 0.03359375 0.06171875
28 0.14453125 0.52109375 0.034375 0.05546875
28 0.16328125 0.5375 0.0296875 0.05625
28 0.34140625 0.521875 0.0328125 0.0484375
28 0.309375 0.528125 0.0234375 0.0375
28 0.2921875 0.559375 0.02578125 0.0515625
28 0.35078125 0.55 0.02734375 0.04375
28 0.309375 0.5671875 0.02265625 0.0375
28 0.44296875 0.54765625 0.028125 0.04375
28 0.190625 0.76875 0.03203125 0.06171875
28 0.4046875 0.2625 0.0296875 0.04765625
28 0.484375 0.2265625 0.02890625 0.05859375
28 0.45625 0.22890625 0.02890625 0.04765625
28 0.440625 0.24375 0.025 0.0390625
28 0.584375 0.60078125 0.040625 0.0515625
28 0.6765625 0.58515625 0.0359375 0.05078125
28 0.79375 0.74921875 0.0375 0.0578125
28 0.77890625 0.728125 0.03359375 0.0609375
28 0.675 0.82578125 0.0359375 0.06328125
28 0.3953125 0.72890625 0.02734375 0.04609375
28 0.42265625 0.73125 0.028125 0.0453125
28 0.409375 0.771875 0.0265625 0.05078125
28 0.390625 0.8109375 0.02890625 0.0609375
28 0.4 0.86640625 0.02890625 0.03515625
28 0.56484375 0.61328125 0.0328125 0.0640625
28 0.53203125 0.646875 0.03046875 0.0578125
28 0.57421875 0.80703125 0.0265625 0.04375
28 0.38359375 0.28828125 0.02890625 0.04375
28 0.65625 0.5265625 0.03359375 0.05546875
28 0.64375 0.5796875 0.02578125 0.03203125
28 0.24296875 0.65703125 0.02578125 0.0375