28 0.196875 0.21875 0.13125 0.221875
28 0.32265625 0.21875 0.12734375 0.23203125
28 0.44765625 0.22421875 0.13125 0.21171875
28 0.5734375 0.2265625 0.12734375 0.21640625
28 0.69140625 0.22421875 0.1234375 0.221875
28 0.81484375 0.22421875 0.1234375 0.20078125
28 0.934375 0.22421875 0.1234375 0.221875
28 0.065625 0.21171875 0.13125 0.2375
28 0.121875 0.42265625 0.13515625 0.2265625
28 0.25703125 0.425 0.13515625 0.221875
28 0.38828125 0.4171875 0.12734375 0.21640625
28 0.51328125 0.4171875 0.1234375 0.2265625
28 0.640625 0.4171875 0.115625 0.21640625
28 0.76640625 0.4125 0.11953125 0.21640625
28 0.8859375 0.4125 0.13515625 0.21640625
28 0.06015625 0.634375 0.11953125 0.2578125
28 0.18515625 0.62890625 0.1390625 0.2375
28 0.328125 0.6265625 0.13125 0.23203125
28 0.4578125 0.61875 0.13515625 0.2265625
28 0.58671875 0.615625 0.13125 0.23203125
28 0.7125 0.6109375 0.13515625 0.23203125
28 0.8375 0.60546875 0.13125 0.23203125
28 0.94765625 0.603125 0.096875 0.2265625
28 0.10625 0.85078125 0.15078125 0.2578125
28 0.25078125 0.84765625 0.1390625 0.2734375
28 0.38828125 0.8328125 0.13515625 0.2625
28 0.5234375 0.8296875 0.13515625 0.2578125
28 0.6625 0.81953125 0.13515625 0.2375
28 0.79375 0.81953125 0.12734375 0.2265625
28 0.9171875 0.81171875 0.13515625 0.2421875