28 0.56875 0.2734375 0.0796875 0.2234375
28 0.6796875 0.32265625 0.090625 0.23984375
28 0.71875 0.3109375 0.07734375 0.19375
28 0.5 0.33515625 0.07578125 0.221875
28 0.4171875 0.37421875 0.075 0.178125
28 0.3203125 0.53359375 0.0546875 0.14296875
28 0.3984375 0.8640625 0.06328125 0.13203125
28 0.26796875 0.5390625 0.05625 0.121875
28 0.2703125 0.6390625 0.0546875 0.1
28 0.33984375 0.58515625 0.0546875 0.109375
28 0.33515625 0.64765625 0.0546875 0.1203125
28 0.3421875 0.7484375 0.05625 0.121875
28 0.2921875 0.72890625 0.040625 0.0890625