28 0.52265625 0.38984375 0.2 0.19765625
28 0.2671875 0.49453125 0.1796875 0.20859375
28 0.19765625 0.58828125 0.1921875 0.2390625
28 0.5984375 0.246875 0.17265625 0.1984375
28 0.43828125 0.5546875 0.18359375 0.25234375
28 0.73515625 0.30546875 0.1796875 0.2140625
28 0.15 0.775 0.1328125 0.15
28 0.25859375 0.8265625 0.125 0.175
28 0.5890625 0.4984375 0.15 0.18359375
28 0.69375 0.64140625 0.12734375 0.1578125
28 0.5 0.9328125 0.12265625 0.13125
28 0.5890625 0.9515625 0.0890625 0.09375
28 0.7609375 0.5015625 0.14609375 0.1140625
28 0.778125 0.57265625 0.14375 0.1171875
28 0.7734375 0.1140625 0.12109375 0.1296875
28 0.8828125 0.06015625 0.1265625 0.1203125