28 0.4875 0.596875 0.1390625 0.11640625
28 0.3234375 0.6828125 0.11171875 0.096875
28 0.5546875 0.68125 0.1578125 0.12265625
28 0.53203125 0.78984375 0.14375 0.14296875
28 0.40859375 0.6875 0.1078125 0.1046875
28 0.45859375 0.65703125 0.14140625 0.11640625
28 0.646875 0.38359375 0.0828125 0.0640625
28 0.7140625 0.215625 0.09921875 0.08125
28 0.315625 0.2609375 0.1109375 0.06640625
28 0.53515625 0.2 0.10625 0.075
28 0.52421875 0.2734375 0.103125 0.071875
28 0.38203125 0.29609375 0.09921875 0.07421875
28 0.80546875 0.5359375 0.0703125 0.0546875
28 0.865625 0.5203125 0.0703125 0.0546875