28 0.859375 0.33359375 0.0984375 0.190625
28 0.78671875 0.40859375 0.10703125 0.20546875
28 0.70859375 0.3109375 0.096875 0.18046875
28 0.71796875 0.4828125 0.08984375 0.1828125
28 0.4703125 0.4 0.08671875 0.16796875
28 0.32734375 0.28359375 0.08515625 0.1453125
28 0.55234375 0.40234375 0.08203125 0.17265625
28 0.625 0.4734375 0.06640625 0.1453125
28 0.42265625 0.475 0.08828125 0.17265625
28 0.15859375 0.234375 0.11015625 0.18828125
28 0.22265625 0.371875 0.1015625 0.16796875
28 0.096875 0.31953125 0.08984375 0.203125
28 0.30703125 0.4125 0.08359375 0.16796875
28 0.1203125 0.61796875 0.05703125 0.1125
28 0.17421875 0.6078125 0.0546875 0.1125
28 0.9203125 0.41484375 0.0734375 0.1578125
28 0.9640625 0.40625 0.05859375 0.16015625
28 0.84765625 0.4921875 0.06171875 0.128125
28 0.83828125 0.66015625 0.06640625 0.12265625
28 0.15 0.44140625 0.0765625 0.140625
28 0.47109375 0.70703125 0.05859375 0.10546875
28 0.63828125 0.56171875 0.06640625 0.11015625
28 0.55078125 0.57265625 0.071875 0.128125
28 0.3125 0.5125 0.078125 0.11796875