28 0.51328125 0.54375 0.06640625 0.14140625
28 0.58359375 0.5796875 0.0765625 0.13515625
28 0.4484375 0.55 0.06328125 0.11171875
28 0.2765625 0.1 0.08671875 0.2
28 0.46171875 0.10625 0.103125 0.21171875
28 0.27890625 0.4 0.075 0.16484375
28 0.28828125 0.46328125 0.08671875 0.1796875
28 0.21015625 0.346875 0.0734375 0.16484375
28 0.2234375 0.51171875 0.0765625 0.19375
28 0.49140625 0.6265625 0.06640625 0.146875
28 0.5453125 0.64140625 0.0734375 0.13515625
28 0.659375 0.49375 0.06796875 0.146875
28 0.7 0.5734375 0.0734375 0.18203125
28 0.66640625 0.6453125 0.06015625 0.15625
28 0.73359375 0.621875 0.06640625 0.15625
28 0.50078125 0.753125 0.05859375 0.153125
28 0.67109375 0.7796875 0.05859375 0.1234375
28 0.73828125 0.7484375 0.05 0.10859375
28 0.6984375 0.08515625 0.096875 0.1703125
28 0.86953125 0.128125 0.0953125 0.20859375
28 0.13515625 0.34140625 0.0796875 0.1234375
28 0.09921875 0.46484375 0.075 0.153125
28 0.2921875 0.7984375 0.0546875 0.1265625
28 0.340625 0.81796875 0.06484375 0.11796875
28 0.3203125 0.728125 0.046875 0.0796875
28 0.353125 0.73203125 0.053125 0.08203125
28 0.453125 0.6515625 0.06015625 0.1265625
28 0.33828125 0.93984375 0.046875 0.11484375
28 0.28828125 0.93671875 0.06015625 0.1203125
28 0.78125 0.05703125 0.103125 0.1140625
28 0.78359375 0.16171875 0.08671875 0.1703125
28 0.05 0.56875 0.0703125 0.14375
28 0.8671875 0.50625 0.06484375 0.146875
28 0.91953125 0.5734375 0.08515625 0.146875
28 0.9546875 0.65625 0.06015625 0.1234375
28 0.50859375 0.9296875 0.04296875 0.1
28 0.0328125 0.3984375 0.06484375 0.15625