28 0.66015625 0.35703125 0.140625 0.2953125
28 0.36640625 0.19765625 0.11953125 0.26640625
28 0.16875 0.20078125 0.1734375 0.31796875
28 0.1609375 0.55703125 0.06640625 0.1265625
28 0.2546875 0.6796875 0.06796875 0.1421875
28 0.321875 0.653125 0.0625 0.146875
28 0.3578125 0.6796875 0.0625 0.1421875
28 0.48828125 0.7546875 0.0765625 0.17109375
28 0.56328125 0.7890625 0.0765625 0.1640625
28 0.684375 0.75546875 0.09296875 0.2
28 0.94921875 0.59453125 0.084375 0.16640625
28 0.86484375 0.5578125 0.07890625 0.16875
28 0.76640625 0.615625 0.09140625 0.178125
28 0.2015625 0.50078125 0.053125 0.11796875
28 0.0453125 0.671875 0.05703125 0.11796875
28 0.209375 0.815625 0.04296875 0.084375
28 0.60625 0.64140625 0.04296875 0.0953125
28 0.759375 0.79140625 0.0390625 0.07578125
28 0.8015625 0.82109375 0.03359375 0.08203125
28 0.84140625 0.81015625 0.04140625 0.078125
28 0.93046875 0.7640625 0.0359375 0.06640625
28 0.72265625 0.54296875 0.109375 0.215625
28 0.1859375 0.7296875 0.05859375 0.10859375
28 0.40234375 0.7046875 0.0375 0.09296875