28 0.615625 0.284375 0.0734375 0.065625
28 0.7171875 0.2984375 0.0703125 0.071875
28 0.7859375 0.3109375 0.07890625 0.06640625
28 0.72421875 0.1609375 0.08828125 0.08125
28 0.81015625 0.17109375 0.08671875 0.08671875
28 0.85703125 0.17890625 0.075 0.08046875
28 0.78828125 0.203125 0.0765625 0.07578125
28 0.80859375 0.328125 0.05703125 0.05234375
28 0.8640625 0.33203125 0.06015625 0.0546875
28 0.778125 0.37734375 0.0609375 0.05625
28 0.85234375 0.41015625 0.0703125 0.0546875
28 0.50625 0.40625 0.0546875 0.059375
28 0.58203125 0.41171875 0.059375 0.06015625
28 0.63671875 0.43125 0.06484375 0.05703125
28 0.8125 0.46015625 0.05546875 0.05
28 0.803125 0.39609375 0.053125 0.05234375
28 0.334375 0.5078125 0.04921875 0.05078125
28 0.428125 0.48828125 0.0515625 0.04921875
28 0.47578125 0.5015625 0.05625 0.05234375
28 0.55 0.53203125 0.04140625 0.0421875
28 0.5828125 0.53984375 0.046875 0.04375
28 0.61015625 0.5484375 0.05234375 0.04921875
28 0.65703125 0.52890625 0.05546875 0.05234375
28 0.70078125 0.503125 0.05703125 0.05234375
28 0.74765625 0.50234375 0.05390625 0.0578125
28 0.79765625 0.49921875 0.05859375 0.05078125
28 0.84609375 0.4890625 0.05078125 0.046875
28 0.85078125 0.525 0.0515625 0.02890625
28 0.70859375 0.53125 0.04765625 0.05234375
28 0.75 0.53125 0.05234375 0.05
28 0.7984375 0.521875 0.046875 0.04296875
28 0.82734375 0.546875 0.04296875 0.040625
28 0.55703125 0.5796875 0.03828125 0.040625
28 0.59375 0.6296875 0.034375 0.0328125
28 0.58515625 0.59375 0.03203125 0.0375
28 0.54375 0.57265625 0.0375 0.03828125
28 0.759375 0.571875 0.03828125 0.034375
28 0.7171875 0.5609375 0.0421875 0.0390625
28 0.690625 0.5671875 0.03828125 0.04296875
28 0.47265625 0.60859375 0.0390625 0.04140625
28 0.4390625 0.0203125 0.0984375 0.040625
28 0.5171875 0.05703125 0.11640625 0.10390625
28 0.475 0.11484375 0.08515625 0.10390625
28 0.4125 0.12734375 0.09140625 0.0890625
28 0.32421875 0.14609375 0.1 0.084375
28 0.42265625 0.2015625 0.078125 0.0875
28 0.38515625 0.16875 0.08671875 0.090625
28 0.34296875 0.21328125 0.08515625 0.1015625
28 0.30703125 0.215625 0.0734375 0.08671875
28 0.35234375 0.2890625 0.07421875 0.06875
28 0.303125 0.32578125 0.0828125 0.07265625
28 0.39375 0.353125 0.06796875 0.059375
28 0.3265625 0.36953125 0.06796875 0.0671875
28 0.38203125 0.3890625 0.0703125 0.0703125
28 0.35 0.40390625 0.05390625 0.05078125
28 0.3046875 0.6125 0.03828125 0.03671875
28 0.34296875 0.61015625 0.040625 0.03671875
28 0.35859375 0.63359375 0.0421875 0.04140625
28 0.39609375 0.640625 0.0375 0.040625
28 0.428125 0.62890625 0.03984375 0.03984375
28 0.4953125 0.64609375 0.0296875 0.034375
28 0.52421875 0.6390625 0.028125 0.034375
28 0.553125 0.64453125 0.03671875 0.03203125
28 0.31875 0.65390625 0.0375 0.0328125
28 0.28828125 0.6453125 0.03046875 0.0328125
28 0.41875 0.678125 0.0265625 0.0328125
28 0.44140625 0.6734375 0.0328125 0.034375
28 0.465625 0.67578125 0.0265625 0.03125
28 0.4859375 0.67578125 0.03125 0.034375
28 0.5578125 0.67109375 0.025 0.0265625
28 0.5421875 0.67734375 0.0265625 0.028125
28 0.5296875 0.6921875 0.02734375 0.02578125
28 0.31015625 0.6984375 0.02890625 0.0265625
28 0.26328125 0.6890625 0.034375 0.0328125
28 0.225 0.69453125 0.03828125 0.03359375
28 0.334375 0.70390625 0.0265625 0.0296875
28 0.31640625 0.684375 0.02578125 0.01953125
28 0.3484375 0.72890625 0.02734375 0.02734375
28 0.3640625 0.715625 0.025 0.02421875
28 0.38984375 0.7125 0.025 0.0265625
28 0.3890625 0.696875 0.02578125 0.0203125
28 0.4234375 0.70703125 0.0296875 0.03125
28 0.446875 0.7171875 0.03046875 0.0328125
28 0.49296875 0.71484375 0.025 0.02578125
28 0.515625 0.71484375 0.025 0.02578125
28 0.540625 0.70859375 0.02421875 0.02578125
28 0.3453125 0.765625 0.02890625 0.02734375
28 0.36953125 0.77421875 0.0234375 0.0296875
28 0.34140625 0.78359375 0.025 0.02578125
28 0.30234375 0.74453125 0.0296875 0.02734375
28 0.2640625 0.734375 0.02890625 0.02734375
28 0.2359375 0.73828125 0.028125 0.028125
28 0.4703125 0.73046875 0.025 0.0234375
28 0.50703125 0.75625 0.0265625 0.0265625
28 0.48515625 0.753125 0.02265625 0.028125
28 0.565625 0.76015625 0.02421875 0.02421875
28 0.4546875 0.7734375 0.02265625 0.0203125
28 0.59921875 0.73671875 0.02421875 0.01484375
28 0.57578125 0.753125 0.02734375 0.021875
28 0.5875 0.7625 0.0234375 0.02421875
28 0.60234375 0.75625 0.02421875 0.02265625
28 0.525 0.75625 0.0265625 0.02734375
28 0.540625 0.7515625 0.01796875 0.02421875
28 0.534375 0.78125 0.01875 0.01953125
28 0.55703125 0.79921875 0.0234375 0.02109375
28 0.525 0.82421875 0.01953125 0.0203125
28 0.53515625 0.8140625 0.02265625 0.0171875
28 0.43828125 0.7421875 0.0296875 0.02265625
28 0.409375 0.74140625 0.0296875 0.028125
28 0.14921875 0.7109375 0.03828125 0.034375
28 0.1859375 0.71171875 0.03125 0.03515625
28 0.20625 0.73203125 0.03046875 0.0296875
28 0.10859375 0.709375 0.0359375 0.034375
28 0.08203125 0.64765625 0.04609375 0.04296875
28 0.171875 0.6140625 0.04453125 0.04296875
28 0.134375 0.59453125 0.04921875 0.04375
28 0.171875 0.628125 0.04296875 0.0453125
28 0.10625 0.609375 0.04296875 0.0421875
28 0.0453125 0.12421875 0.090625 0.08828125
28 0.140625 0.1421875 0.0984375 0.06953125
28 0.16640625 0.17421875 0.0796875 0.08203125
28 0.090625 0.17890625 0.0859375 0.08515625
28 0.03671875 0.25546875 0.0734375 0.0703125
28 0.05 0.278125 0.07109375 0.07890625
28 0.11015625 0.31640625 0.075 0.06484375
28 0.1453125 0.33046875 0.0734375 0.07265625
28 0.1 0.346875 0.07265625 0.0703125
28 0.134375 0.3640625 0.06015625 0.06015625
28 0.109375 0.4265625 0.06328125 0.05625
28 0.0703125 0.43359375 0.0609375 0.059375
28 0.13671875 0.44296875 0.06171875 0.0609375
28 0.03125 0.4828125 0.06171875 0.05703125
28 0.0546875 0.50859375 0.05546875 0.05390625
28 0.01953125 0.5171875 0.0390625 0.04921875
28 0.02421875 0.60546875 0.04765625 0.034375
28 0.0328125 0.634375 0.04296875 0.040625
28 0.01640625 0.79296875 0.0234375 0.03359375
28 0.065625 0.75078125 0.0328125 0.0296875
28 0.04765625 0.71484375 0.034375 0.0328125
28 0.078125 0.7140625 0.0296875 0.03828125
28 0.26328125 0.746875 0.0265625 0.0203125
28 0.23515625 0.75703125 0.028125 0.025
28 0.68125 0.6578125 0.03125 0.03359375
28 0.665625 0.59765625 0.040625 0.03671875
28 0.61328125 0.59609375 0.03125 0.034375
28 0.7046875 0.62578125 0.03125 0.03828125
28 0.8078125 0.6328125 0.040625 0.034375
28 0.76953125 0.634375 0.03828125 0.028125
28 0.73203125 0.65859375 0.040625 0.03203125
28 0.703125 0.66171875 0.028125 0.03515625
28 0.7875 0.65 0.04140625 0.0375
28 0.83125 0.6734375 0.0265625 0.03125
28 0.79765625 0.715625 0.025 0.02421875
28 0.6890625 0.6890625 0.02578125 0.0328125
28 0.63828125 0.6890625 0.034375 0.03046875
28 0.6484375 0.66875 0.03359375 0.034375
28 0.6625 0.659375 0.02890625 0.034375
28 0.6375 0.7734375 0.021875 0.02421875
28 0.65234375 0.7578125 0.02265625 0.02265625
28 0.66953125 0.7515625 0.0203125 0.02421875
28 0.68828125 0.746875 0.02265625 0.021875
28 0.9109375 0.28203125 0.06640625 0.06015625
28 0.91796875 0.38828125 0.06171875 0.0546875
28 0.975 0.32109375 0.04921875 0.06328125
28 0.9109375 0.43359375 0.0578125 0.05234375
28 0.9625 0.4109375 0.0671875 0.05234375
28 0.884375 0.59296875 0.03828125 0.03671875
28 0.875 0.621875 0.03671875 0.03515625
28 0.90625 0.61875 0.04453125 0.03671875
28 0.90234375 0.63515625 0.03828125 0.0328125
28 0.859375 0.6765625 0.0296875 0.02578125
28 0.90625 0.665625 0.02734375 0.02578125
28 0.93515625 0.6671875 0.03125 0.028125
28 0.96953125 0.671875 0.03203125 0.02890625
28 0.9859375 0.6109375 0.02734375 0.03984375
28 0.9703125 0.50078125 0.0515625 0.0453125
28 0.92890625 0.49765625 0.03828125 0.03984375
28 0.95703125 0.52578125 0.0375 0.0296875
28 0.95234375 0.5328125 0.04140625 0.0359375
28 0.95703125 0.590625 0.02890625 0.01953125
28 0.63515625 0.79765625 0.01875 0.01796875
28 0.65 0.79453125 0.01953125 0.01796875
28 0.646875 0.8171875 0.01953125 0.021875
28 0.82265625 0.75234375 0.0203125 0.025
28 0.840625 0.75078125 0.02109375 0.02421875
28 0.85390625 0.7390625 0.02421875 0.02421875
28 0.8234375 0.70625 0.0234375 0.02265625
28 0.884375 0.684375 0.021875 0.02578125
28 0.9046875 0.68125 0.02734375 0.01875
28 0.91171875 0.6859375 0.02265625 0.021875
28 0.93515625 0.68984375 0.025 0.02265625
28 0.95546875 0.70078125 0.0203125 0.02578125
28 0.96796875 0.7015625 0.025 0.028125
28 0.97421875 0.6890625 0.025 0.0203125
28 0.98984375 0.69921875 0.01875 0.02109375
28 0.75625 0.7515625 0.01875 0.02421875
28 0.76796875 0.7546875 0.0203125 0.02265625
28 0.909375 0.809375 0.0140625 0.015625
28 0.928125 0.80234375 0.0171875 0.015625
28 0.9625 0.74765625 0.0203125 0.01796875
28 0.959375 0.7296875 0.01796875 0.0171875
28 0.928125 0.7390625 0.01328125 0.01875
28 0.88984375 0.72421875 0.0203125 0.0203125
28 0.91328125 0.7046875 0.021875 0.01953125
28 0.91171875 0.71953125 0.0203125 0.01640625
28 0.97734375 0.74453125 0.01953125 0.0203125
28 0.8546875 0.7671875 0.01484375 0.015625
28 0.859375 0.7765625 0.021875 0.01875
28 0.875 0.76171875 0.01875 0.01484375
28 0.9203125 0.8234375 0.015625 0.0171875
28 0.98984375 0.77421875 0.01796875 0.0140625
28 0.99296875 0.78828125 0.01328125 0.015625
28 0.85234375 0.79765625 0.01171875 0.0140625
28 0.66875 0.71484375 0.0265625 0.0296875
28 0.7140625 0.69296875 0.025 0.02890625
28 0.7125 0.7375 0.02265625 0.0265625
28 0.73203125 0.72421875 0.025 0.025
28 0.746875 0.69921875 0.025 0.02265625
28 0.75 0.6875 0.02109375 0.02734375
28 0.7875 0.67109375 0.03359375 0.0296875
28 0.5171875 0.84296875 0.021875 0.02265625
28 0.4296875 0.77734375 0.01875 0.021875
28 0.46171875 0.75078125 0.03125 0.025
28 0.63828125 0.70859375 0.025 0.02578125
28 0.85 0.03515625 0.10859375 0.0703125
28 0.93671875 0.05078125 0.1046875 0.1015625