28 0.87265625 0.328125 0.1796875 0.28515625
28 0.7234375 0.5609375 0.15078125 0.25859375
28 0.365625 0.2515625 0.1640625 0.2609375
28 0.1625 0.73671875 0.14140625 0.2296875
28 0.34921875 0.415625 0.1640625 0.30703125
28 0.234375 0.2828125 0.146875 0.26953125
28 0.48515625 0.56015625 0.1390625 0.2328125
28 0.56015625 0.72734375 0.140625 0.24140625
28 0.6203125 0.7421875 0.1171875 0.19140625
28 0.759375 0.1546875 0.1609375 0.27421875
28 0.2078125 0.83046875 0.13359375 0.24296875
28 0.07421875 0.80234375 0.1484375 0.2453125