28 0.4578125 0.15625 0.075 0.12578125
28 0.35625 0.19375 0.0734375 0.14140625
28 0.5015625 0.19765625 0.0671875 0.13828125
28 0.38984375 0.25703125 0.0671875 0.15625
28 0.27578125 0.19609375 0.08515625 0.15625
28 0.1953125 0.17265625 0.090625 0.13828125
28 0.13359375 0.20390625 0.07890625 0.15078125
28 0.03671875 0.27578125 0.0734375 0.14375
28 0.02890625 0.45859375 0.0578125 0.115625
28 0.08203125 0.44453125 0.059375 0.10859375
28 0.1359375 0.46328125 0.06328125 0.115625
28 0.34453125 0.365625 0.065625 0.10546875
28 0.30078125 0.41953125 0.06171875 0.11328125
28 0.65 0.1546875 0.0828125 0.16875
28 0.715625 0.06953125 0.10234375 0.13828125
28 0.8234375 0.13984375 0.07890625 0.14375
28 0.74296875 0.16484375 0.07890625 0.13828125
28 0.89296875 0.18046875 0.0671875 0.13359375
28 0.9140625 0.2328125 0.075 0.14375
28 0.3703125 0.415625 0.0578125 0.115625
28 0.2609375 0.40546875 0.05625 0.1109375
28 0.45078125 0.47890625 0.04609375 0.090625
28 0.4984375 0.48203125 0.0484375 0.0828125
28 0.48046875 0.3390625 0.059375 0.10859375
28 0.53984375 0.30703125 0.05390625 0.10546875
28 0.5875 0.3125 0.05 0.09609375
28 0.6515625 0.32265625 0.065625 0.12578125
28 0.63359375 0.246875 0.065625 0.10078125
28 0.7015625 0.28203125 0.065625 0.09609375
28 0.78515625 0.409375 0.06328125 0.0984375
28 0.8796875 0.4203125 0.05234375 0.090625
28 0.9296875 0.4234375 0.05625 0.090625
28 0.23828125 0.54375 0.05625 0.09609375
28 0.2921875 0.53046875 0.040625 0.0734375
28 0.3671875 0.53125 0.0484375 0.0859375
28 0.64609375 0.47109375 0.04453125 0.0859375
28 0.88984375 0.5328125 0.0421875 0.078125