26 0.034375 0.42734375 0.03515625 0.11171875
26 0.06328125 0.48984375 0.03671875 0.159375
26 0.09921875 0.5046875 0.05390625 0.1515625
26 0.15 0.54921875 0.065625 0.1984375
26 0.2046875 0.44453125 0.07578125 0.253125
26 0.2875 0.565625 0.078125 0.290625
26 0.3625 0.515625 0.10546875 0.3640625
26 0.41484375 0.6875 0.08125 0.32578125
26 0.47734375 0.31640625 0.12265625 0.37265625
26 0.58515625 0.66796875 0.2265625 0.60625
26 0.6984375 0.25859375 0.14296875 0.440625
26 0.9140625 0.49765625 0.165625 0.49765625
26 0.79765625 0.33203125 0.1296875 0.47890625