26 0.05703125 0.26484375 0.03828125 0.14609375
26 0.08828125 0.1953125 0.03515625 0.115625
26 0.1375 0.25390625 0.0484375 0.259375
26 0.23125 0.2765625 0.05546875 0.18671875
26 0.18359375 0.27421875 0.04140625 0.1546875
26 0.31484375 0.253125 0.053125 0.16640625
26 0.49140625 0.22890625 0.06953125 0.175
26 0.50546875 0.484375 0.028125 0.13359375
26 0.40703125 0.3078125 0.0421875 0.159375
26 0.3546875 0.4078125 0.040625 0.125
26 0.9390625 0.34296875 0.03828125 0.1484375
26 0.97734375 0.35078125 0.0453125 0.15078125
26 0.79375 0.51015625 0.03359375 0.1078125